0000000000000
0000000000001
0000000000011
0000000000110
0000000000111
0000000001100
0000000001110
0000000001111
0000000011000
0000000011001
0000000011100
0000000011110
0000000011111
0000000110000
0000000110001
0000000110011
0000000111000
0000000111001
0000000111100
0000000111110
0000000111111
0000001100000
0000001100001
0000001100011
0000001100110
0000001100111
0000001110000
0000001110001
0000001110011
0000001111000
0000001111001
0000001111100
0000001111110
0000001111111
0000011000000
0000011000001
0000011000011
0000011000110
0000011000111
0000011001100
0000011001110
0000011001111
0000011100000
0000011100001
0000011100011
0000011100110
0000011100111
0000011110000
0000011110001
0000011110011
0000011111000
0000011111001
0000011111100
0000011111110
0000011111111
0000110000000
0000110000001
0000110000011
0000110000110
0000110000111
0000110001100
0000110001110
0000110001111
0000110011000
0000110011001
0000110011100
0000110011110
0000110011111
0000111000000
0000111000001
0000111000011
0000111000110
0000111001100
0000111001110
0000111001111
0000111100000
0000111100001
0000111100011
0000111100110
0000111100111
0000111110000
0000111110001
0000111110011
0000111111000
0000111111001
0000111111100
0000111111110
0000111111111
0001100000000
0001100000001
0001100000011
0001100000110
0001100000111
0001100001100
0001100001110
0001100001111
0001100011000
0001100011001
0001100011100
0001100011110
0001100011111
0001100110000
0001100110001
0001100110011
0001100111000
0001100111001
0001100111100
0001100111110
0001100111111
0001110000000
0001110000001
0001110000011
0001110000110
0001110000111
0001110001100
0001110011000
0001110011001
0001110011100
0001110011110
0001110011111
0001111000000
0001111000001
0001111000011
0001111000110
0001111000111
0001111001100
0001111001110
0001111001111
0001111100000
0001111100001
0001111100011
0001111100110
0001111100111
0001111110000
0001111110001
0001111110011
0001111111000
0001111111001
0001111111100
0001111111110
0001111111111
0011000000000
0011000000001
0011000000011
0011000000110
0011000000111
0011000001100
0011000001110
0011000001111
0011000011000
0011000011001
0011000011100
0011000011110
0011000011111
0011000110000
0011000110001
0011000110011
0011000111000
0011000111001
0011000111100
0011000111110
0011000111111
0011001100000
0011001100001
0011001100011
0011001100110
0011001100111
0011001110000
0011001110001
0011001110011
0011001111000
0011001111001
0011001111100
0011001111110
0011001111111
0011100000000
0011100000001
0011100000011
0011100000110
0011100000111
0011100001100
0011100001110
0011100001111
0011100011000
0011100011001
0011100011110
0011100011111
0011100110000
0011100110001
0011100110011
0011100111000
0011100111001
0011100111100
0011100111110
0011100111111
0011110000000
0011110000001
0011110000011
0011110000110
0011110000111
0011110001100
0011110001110
0011110001111
0011110011000
0011110011001
0011110011100
0011110011110
0011110011111
0011111000000
0011111000001
0011111000011
0011111000110
0011111000111
0011111001100
0011111001110
0011111001111
0011111100000
0011111100001
0011111100011
0011111100110
0011111100111
0011111110000
0011111110001
0011111110011
0011111111000
0011111111001
0011111111100
0011111111110
0011111111111
0110000000000
0110000000001
0110000000011
0110000000110
0110000000111
0110000001100
0110000001110
0110000001111
0110000011000
0110000011001
0110000011100
0110000011110
0110000011111
0110000110000
0110000110001
0110000110011
0110000111000
0110000111001
0110000111100
0110000111110
0110000111111
0110001100000
0110001100001
0110001100011
0110001100110
0110001100111
0110001110000
0110001110011
0110001111000
0110001111001
0110001111100
0110001111110
0110001111111
0110011000000
0110011000001
0110011000011
0110011000110
0110011000111
0110011001100
0110011001110
0110011001111
0110011100000
0110011100001
0110011100011
0110011100110
0110011100111
0110011110000
0110011110001
0110011110011
0110011111000
0110011111001
0110011111100
0110011111110
0110011111111
0111000000000
0111000000001
0111000000011
0111000000110
0111000000111
0111000001100
0111000001110
0111000001111
0111000011000
0111000011001
0111000011100
0111000011110
0111000011111
0111000110000
0111000110001
0111000110011
0111000111100
0111000111110
0111000111111
0111001100000
0111001100001
0111001100011
0111001100110
0111001100111
0111001110000
0111001110001
0111001110011
0111001111000
0111001111001
0111001111100
0111001111110
0111001111111
0111100000000
0111100000001
0111100000011
0111100000110
0111100000111
0111100001100
0111100001110
0111100001111
0111100011000
0111100011001
0111100011100
0111100011110
0111100011111
0111100110000
0111100110001
0111100110011
0111100111000
0111100111001
0111100111100
0111100111110
0111100111111
0111110000000
0111110000001
0111110000011
0111110000110
0111110000111
0111110001100
0111110001110
0111110001111
0111110011000
0111110011001
0111110011100
0111110011110
0111110011111
0111111000000
0111111000001
0111111000011
0111111000110
0111111000111
0111111001100
0111111001110
0111111001111
0111111100000
0111111100001
0111111100011
0111111100110
0111111100111
0111111110000
0111111110001
0111111110011
0111111111000
0111111111001
0111111111100
0111111111110
0111111111111
1000000000000
1000000000001
1000000000011
1000000000110
1000000000111
1000000001100
1000000001110
1000000001111
1000000011000
1000000011001
1000000011100
1000000011110
1000000011111
1000000110000
1000000110001
1000000110011
1000000111000
1000000111001
1000000111100
1000000111110
1000000111111
1000001100000
1000001100001
1000001100011
1000001100110
1000001100111
1000001110000
1000001110001
1000001110011
1000001111000
1000001111001
1000001111100
1000001111110
1000001111111
1000011000000
1000011000001
1000011000011
1000011000110
1000011000111
1000011001100
1000011001110
1000011001111
1000011100000
1000011100001
1000011100011
1000011100110
1000011100111
1000011110000
1000011110001
1000011110011
1000011111000
1000011111001
1000011111100
1000011111110
1000011111111
1000110000000
1000110000001
1000110000011
1000110000110
1000110000111
1000110001100
1000110001110
1000110001111
1000110011000
1000110011001
1000110011100
1000110011110
1000110011111
1000111000000
1000111000001
1000111000011
1000111001100
1000111001110
1000111001111
1000111100000
1000111100001
1000111100011
1000111100110
1000111100111
1000111110000
1000111110001
1000111110011
1000111111000
1000111111001
1000111111100
1000111111110
1000111111111
1001100000000
1001100000001
1001100000011
1001100000110
1001100000111
1001100001100
1001100001110
1001100001111
1001100011000
1001100011001
1001100011100
1001100011110
1001100011111
1001100110000
1001100110001
1001100110011
1001100111000
1001100111001
1001100111100
1001100111110
1001100111111
1001110000000
1001110000001
1001110000011
1001110000110
1001110000111
1001110001100
1001110001111
1001110011000
1001110011001
1001110011100
1001110011110
1001110011111
1001111000000
1001111000001
1001111000011
1001111000110
1001111000111
1001111001100
1001111001110
1001111001111
1001111100000
1001111100001
1001111100011
1001111100110
1001111100111
1001111110000
1001111110001
1001111110011
1001111111000
1001111111001
1001111111100
1001111111110
1001111111111
1100000000000
1100000000001
1100000000011
1100000000110
1100000000111
1100000001100
1100000001110
1100000001111
1100000011000
1100000011001
1100000011100
1100000011110
1100000011111
1100000110000
1100000110001
1100000110011
1100000111000
1100000111001
1100000111100
1100000111110
1100000111111
1100001100000
1100001100001
1100001100011
1100001100110
1100001100111
1100001110000
1100001110001
1100001110011
1100001111000
1100001111001
1100001111100
1100001111110
1100001111111
1100011000000
1100011000001
1100011000011
1100011000110
1100011000111
1100011001100
1100011001110
1100011001111
1100011100000
1100011100001
1100011100110
1100011100111
1100011110000
1100011110001
1100011110011
1100011111000
1100011111001
1100011111100
1100011111110
1100011111111
1100110000000
1100110000001
1100110000011
1100110000110
1100110000111
1100110001100
1100110001110
1100110001111
1100110011000
1100110011001
1100110011100
1100110011110
1100110011111
1100111000000
1100111000001
1100111000011
1100111000110
1100111000111
1100111001100
1100111001110
1100111001111
1100111100000
1100111100001
1100111100011
1100111100110
1100111100111
1100111110000
1100111110001
1100111110011
1100111111000
1100111111001
1100111111100
1100111111110
1100111111111
1110000000000
1110000000001
1110000000011
1110000000110
1110000000111
1110000001100
1110000001110
1110000001111
1110000011000
1110000011001
1110000011100
1110000011110
1110000011111
1110000110000
1110000110001
1110000110011
1110000111000
1110000111001
1110000111100
1110000111110
1110000111111
1110001100000
1110001100001
1110001100011
1110001100110
1110001100111
1110001110011
1110001111000
1110001111001
1110001111100
1110001111110
1110001111111
1110011000000
1110011000001
1110011000011
1110011000110
1110011000111
1110011001100
1110011001110
1110011001111
1110011100000
1110011100001
1110011100011
1110011100110
1110011100111
1110011110000
1110011110001
1110011110011
1110011111000
1110011111001
1110011111100
1110011111110
1110011111111
1111000000000
1111000000001
1111000000011
1111000000110
1111000000111
1111000001100
1111000001110
1111000001111
1111000011000
1111000011001
1111000011100
1111000011110
1111000011111
1111000110000
1111000110001
1111000110011
1111000111001
1111000111100
1111000111110
1111000111111
1111001100000
1111001100001
1111001100011
1111001100110
1111001100111
1111001110000
1111001110001
1111001110011
1111001111000
1111001111001
1111001111100
1111001111110
1111001111111
1111100000000
1111100000001
1111100000011
1111100000110
1111100000111
1111100001100
1111100001110
1111100001111
1111100011000
1111100011001
1111100011100
1111100011110
1111100011111
1111100110000
1111100110001
1111100110011
1111100111000
1111100111001
1111100111100
1111100111110
1111100111111
1111110000000
1111110000001
1111110000011
1111110000110
1111110000111
1111110001100
1111110001110
1111110001111
1111110011000
1111110011001
1111110011100
1111110011110
1111110011111
1111111000000
1111111000001
1111111000011
1111111000110
1111111000111
1111111001100
1111111001110
1111111001111
1111111100000
1111111100001
1111111100011
1111111100110
1111111100111
1111111110000
1111111110001
1111111110011
1111111111000
1111111111001
1111111111100
1111111111110
1111111111111
