00000000000000000
00000000000000001
00000000000000011
00000000000000110
00000000000000111
00000000000001100
00000000000001110
00000000000001111
00000000000011000
00000000000011001
00000000000011100
00000000000011110
00000000000011111
00000000000110000
00000000000110001
00000000000110011
00000000000111000
00000000000111001
00000000000111100
00000000000111110
00000000000111111
00000000001100000
00000000001100001
00000000001100011
00000000001100110
00000000001100111
00000000001110000
00000000001110001
00000000001110011
00000000001111000
00000000001111001
00000000001111100
00000000001111110
00000000001111111
00000000011000000
00000000011000001
00000000011000011
00000000011000110
00000000011000111
00000000011001100
00000000011001110
00000000011001111
00000000011100000
00000000011100001
00000000011100011
00000000011100110
00000000011100111
00000000011110000
00000000011110001
00000000011110011
00000000011111000
00000000011111001
00000000011111100
00000000011111110
00000000011111111
00000000110000000
00000000110000001
00000000110000011
00000000110000110
00000000110000111
00000000110001100
00000000110001110
00000000110001111
00000000110011000
00000000110011001
00000000110011100
00000000110011110
00000000110011111
00000000111000000
00000000111000001
00000000111000011
00000000111000110
00000000111001100
00000000111001110
00000000111001111
00000000111100000
00000000111100001
00000000111100011
00000000111100110
00000000111100111
00000000111110000
00000000111110001
00000000111110011
00000000111111000
00000000111111001
00000000111111100
00000000111111110
00000000111111111
00000001100000000
00000001100000001
00000001100000011
00000001100000110
00000001100000111
00000001100001100
00000001100001110
00000001100001111
00000001100011000
00000001100011001
00000001100011100
00000001100011110
00000001100011111
00000001100110000
00000001100110001
00000001100110011
00000001100111000
00000001100111001
00000001100111100
00000001100111110
00000001100111111
00000001110000000
00000001110000001
00000001110000011
00000001110000110
00000001110000111
00000001110001100
00000001110011000
00000001110011001
00000001110011100
00000001110011110
00000001110011111
00000001111000000
00000001111000001
00000001111000011
00000001111000110
00000001111000111
00000001111001100
00000001111001110
00000001111001111
00000001111100000
00000001111100001
00000001111100011
00000001111100110
00000001111100111
00000001111110000
00000001111110001
00000001111110011
00000001111111000
00000001111111001
00000001111111100
00000001111111110
00000001111111111
00000011000000000
00000011000000001
00000011000000011
00000011000000110
00000011000000111
00000011000001100
00000011000001110
00000011000001111
00000011000011000
00000011000011001
00000011000011100
00000011000011110
00000011000011111
00000011000110000
00000011000110001
00000011000110011
00000011000111000
00000011000111001
00000011000111100
00000011000111110
00000011000111111
00000011001100000
00000011001100001
00000011001100011
00000011001100110
00000011001100111
00000011001110000
00000011001110001
00000011001110011
00000011001111000
00000011001111001
00000011001111100
00000011001111110
00000011001111111
00000011100000000
00000011100000001
00000011100000011
00000011100000110
00000011100001100
00000011100001110
00000011100001111
00000011100011000
00000011100110000
00000011100110001
00000011100110011
00000011100111000
00000011100111001
00000011100111100
00000011100111110
00000011100111111
00000011110000000
00000011110000001
00000011110000011
00000011110000110
00000011110000111
00000011110001100
00000011110001110
00000011110001111
00000011110011000
00000011110011001
00000011110011100
00000011110011110
00000011110011111
00000011111000000
00000011111000001
00000011111000011
00000011111000110
00000011111000111
00000011111001100
00000011111001110
00000011111001111
00000011111100000
00000011111100001
00000011111100011
00000011111100110
00000011111100111
00000011111110000
00000011111110001
00000011111110011
00000011111111000
00000011111111001
00000011111111100
00000011111111110
00000011111111111
00000110000000000
00000110000000001
00000110000000011
00000110000000110
00000110000000111
00000110000001100
00000110000001110
00000110000001111
00000110000011000
00000110000011001
00000110000011100
00000110000011110
00000110000011111
00000110000110000
00000110000110001
00000110000110011
00000110000111000
00000110000111001
00000110000111100
00000110000111110
00000110000111111
00000110001100000
00000110001100001
00000110001100011
00000110001100110
00000110001100111
00000110001110000
00000110001110011
00000110001111000
00000110001111001
00000110001111100
00000110001111110
00000110001111111
00000110011000000
00000110011000001
00000110011000011
00000110011000110
00000110011000111
00000110011001100
00000110011001110
00000110011001111
00000110011100000
00000110011100001
00000110011100011
00000110011100110
00000110011100111
00000110011110000
00000110011110001
00000110011110011
00000110011111000
00000110011111001
00000110011111100
00000110011111110
00000110011111111
00000111000000000
00000111000000001
00000111000000011
00000111000000110
00000111000000111
00000111000001100
00000111000011000
00000111000011001
00000111000011100
00000111000011110
00000111000011111
00000111000110000
00000111000110001
00000111001100000
00000111001100001
00000111001100011
00000111001100110
00000111001100111
00000111001110000
00000111001110001
00000111001110011
00000111001111000
00000111001111001
00000111001111100
00000111001111110
00000111001111111
00000111100000000
00000111100000001
00000111100000011
00000111100000110
00000111100000111
00000111100001100
00000111100001110
00000111100001111
00000111100011000
00000111100011001
00000111100011100
00000111100011110
00000111100011111
00000111100110000
00000111100110001
00000111100110011
00000111100111000
00000111100111001
00000111100111100
00000111100111110
00000111100111111
00000111110000000
00000111110000001
00000111110000011
00000111110000110
00000111110000111
00000111110001100
00000111110001110
00000111110001111
00000111110011000
00000111110011001
00000111110011100
00000111110011110
00000111110011111
00000111111000000
00000111111000001
00000111111000011
00000111111000110
00000111111000111
00000111111001100
00000111111001110
00000111111001111
00000111111100000
00000111111100001
00000111111100011
00000111111100110
00000111111100111
00000111111110000
00000111111110001
00000111111110011
00000111111111000
00000111111111001
00000111111111100
00000111111111110
00000111111111111
00001100000000000
00001100000000001
00001100000000011
00001100000000110
00001100000000111
00001100000001100
00001100000001110
00001100000001111
00001100000011000
00001100000011001
00001100000011100
00001100000011110
00001100000011111
00001100000110000
00001100000110001
00001100000110011
00001100000111000
00001100000111001
00001100000111100
00001100000111110
00001100000111111
00001100001100000
00001100001100001
00001100001100011
00001100001100110
00001100001100111
00001100001110000
00001100001110001
00001100001110011
00001100001111000
00001100001111001
00001100001111100
00001100001111110
00001100001111111
00001100011000000
00001100011000001
00001100011000011
00001100011000110
00001100011000111
00001100011001100
00001100011001110
00001100011001111
00001100011100000
00001100011100001
00001100011100110
00001100011100111
00001100011110000
00001100011110001
00001100011110011
00001100011111000
00001100011111001
00001100011111100
00001100011111110
00001100011111111
00001100110000000
00001100110000001
00001100110000011
00001100110000110
00001100110000111
00001100110001100
00001100110001110
00001100110001111
00001100110011000
00001100110011001
00001100110011100
00001100110011110
00001100110011111
00001100111000000
00001100111000001
00001100111000011
00001100111000110
00001100111000111
00001100111001100
00001100111001110
00001100111001111
00001100111100000
00001100111100001
00001100111100011
00001100111100110
00001100111100111
00001100111110000
00001100111110001
00001100111110011
00001100111111000
00001100111111001
00001100111111100
00001100111111110
00001100111111111
00001110000000000
00001110000000001
00001110000000011
00001110000000110
00001110000000111
00001110000001100
00001110000001110
00001110000001111
00001110000011000
00001110000011001
00001110000011110
00001110000011111
00001110000110000
00001110000110001
00001110000110011
00001110000111000
00001110000111001
00001110000111100
00001110000111110
00001110000111111
00001110001100000
00001110001100001
00001110001100011
00001110001100110
00001110001100111
00001110011000000
00001110011000001
00001110011000011
00001110011000110
00001110011000111
00001110011001100
00001110011001110
00001110011001111
00001110011100000
00001110011100001
00001110011100011
00001110011100110
00001110011100111
00001110011110000
00001110011110001
00001110011110011
00001110011111000
00001110011111001
00001110011111100
00001110011111110
00001110011111111
00001111000000000
00001111000000001
00001111000000011
00001111000000110
00001111000000111
00001111000001100
00001111000001110
00001111000001111
00001111000011000
00001111000011001
00001111000011100
00001111000011110
00001111000011111
00001111000110000
00001111000110001
00001111000110011
00001111000111001
00001111000111100
00001111000111110
00001111000111111
00001111001100000
00001111001100001
00001111001100011
00001111001100110
00001111001100111
00001111001110000
00001111001110001
00001111001110011
00001111001111000
00001111001111001
00001111001111100
00001111001111110
00001111001111111
00001111100000000
00001111100000001
00001111100000011
00001111100000110
00001111100000111
00001111100001100
00001111100001110
00001111100001111
00001111100011000
00001111100011001
00001111100011100
00001111100011110
00001111100110000
00001111100110001
00001111100110011
00001111100111000
00001111100111001
00001111100111100
00001111100111110
00001111100111111
00001111110000000
00001111110000001
00001111110000011
00001111110000110
00001111110000111
00001111110001100
00001111110001110
00001111110001111
00001111110011000
00001111110011001
00001111110011100
00001111110011110
00001111110011111
00001111111000000
00001111111000001
00001111111000011
00001111111000110
00001111111000111
00001111111001100
00001111111001110
00001111111001111
00001111111100000
00001111111100001
00001111111100011
00001111111100110
00001111111100111
00001111111110000
00001111111110001
00001111111110011
00001111111111000
00001111111111001
00001111111111100
00001111111111110
00001111111111111
00011000000000000
00011000000000001
00011000000000011
00011000000000110
00011000000000111
00011000000001100
00011000000001110
00011000000001111
00011000000011000
00011000000011001
00011000000011100
00011000000011110
00011000000011111
00011000000110000
00011000000110001
00011000000110011
00011000000111000
00011000000111001
00011000000111100
00011000000111110
00011000000111111
00011000001100000
00011000001100001
00011000001100011
00011000001100110
00011000001100111
00011000001110000
00011000001110001
00011000001110011
00011000001111000
00011000001111001
00011000001111100
00011000001111110
00011000001111111
00011000011000000
00011000011000001
00011000011000011
00011000011000110
00011000011000111
00011000011001100
00011000011001110
00011000011001111
00011000011100000
00011000011100001
00011000011100011
00011000011100110
00011000011100111
00011000011110000
00011000011110001
00011000011110011
00011000011111000
00011000011111001
00011000011111100
00011000011111110
00011000011111111
00011000110000000
00011000110000001
00011000110000011
00011000110000110
00011000110000111
00011000110001100
00011000110001110
00011000110001111
00011000110011000
00011000110011001
00011000110011100
00011000110011110
00011000110011111
00011000111000000
00011000111000011
00011000111001100
00011000111001110
00011000111001111
00011000111100000
00011000111100001
00011000111100011
00011000111100110
00011000111100111
00011000111110000
00011000111110001
00011000111110011
00011000111111000
00011000111111001
00011000111111100
00011000111111110
00011000111111111
00011001100000000
00011001100000001
00011001100000011
00011001100000110
00011001100000111
00011001100001100
00011001100001110
00011001100001111
00011001100011000
00011001100011001
00011001100011100
00011001100011110
00011001100011111
00011001100110000
00011001100110001
00011001100110011
00011001100111000
00011001100111001
00011001100111100
00011001100111110
00011001100111111
00011001110000000
00011001110000001
00011001110000011
00011001110000110
00011001110000111
00011001110001100
00011001110001111
00011001110011000
00011001110011001
00011001110011100
00011001110011110
00011001110011111
00011001111000000
00011001111000001
00011001111000011
00011001111000110
00011001111000111
00011001111001100
00011001111001110
00011001111001111
00011001111100000
00011001111100001
00011001111100011
00011001111100110
00011001111100111
00011001111110000
00011001111110001
00011001111110011
00011001111111000
00011001111111001
00011001111111100
00011001111111110
00011001111111111
00011100000000000
00011100000000001
00011100000000011
00011100000000110
00011100000000111
00011100000001100
00011100000001110
00011100000001111
00011100000011000
00011100000011001
00011100000011100
00011100000011110
00011100000011111
00011100000110000
00011100000110001
00011100000110011
00011100000111100
00011100000111110
00011100000111111
00011100001100000
00011100001100001
00011100001100011
00011100001100110
00011100001100111
00011100001110000
00011100001110001
00011100001110011
00011100001111000
00011100001111001
00011100001111100
00011100001111110
00011100001111111
00011100011000000
00011100011000001
00011100011000011
00011100011000110
00011100011000111
00011100011001100
00011100011001110
00011100011001111
00011100110000000
00011100110000001
00011100110000011
00011100110000110
00011100110000111
00011100110001100
00011100110001110
00011100110001111
00011100110011000
00011100110011001
00011100110011100
00011100110011110
00011100110011111
00011100111000000
00011100111000001
00011100111000011
00011100111000110
00011100111000111
00011100111001100
00011100111001110
00011100111001111
00011100111100000
00011100111100001
00011100111100011
00011100111100110
00011100111100111
00011100111110000
00011100111110001
00011100111110011
00011100111111000
00011100111111001
00011100111111100
00011100111111110
00011100111111111
00011110000000000
00011110000000001
00011110000000011
00011110000000110
00011110000000111
00011110000001100
00011110000001110
00011110000001111
00011110000011000
00011110000011001
00011110000011100
00011110000011110
00011110000011111
00011110000110000
00011110000110001
00011110000110011
00011110000111000
00011110000111001
00011110000111100
00011110000111110
00011110000111111
00011110001100000
00011110001100001
00011110001100011
00011110001100110
00011110001100111
00011110001110011
00011110001111000
00011110001111001
00011110001111100
00011110001111110
00011110001111111
00011110011000000
00011110011000001
00011110011000011
00011110011000110
00011110011000111
00011110011001100
00011110011001110
00011110011001111
00011110011100000
00011110011100001
00011110011100011
00011110011100110
00011110011100111
00011110011110000
00011110011110001
00011110011110011
00011110011111000
00011110011111001
00011110011111100
00011110011111110
00011110011111111
00011111000000000
00011111000000001
00011111000000011
00011111000000110
00011111000000111
00011111000001100
00011111000001110
00011111000001111
00011111000011000
00011111000011001
00011111000011100
00011111000011110
00011111000011111
00011111000110000
00011111000110001
00011111000110011
00011111000111001
00011111000111100
00011111001100000
00011111001100001
00011111001100011
00011111001100110
00011111001100111
00011111001110000
00011111001110001
00011111001110011
00011111001111000
00011111001111001
00011111001111100
00011111001111110
00011111001111111
00011111100000000
00011111100000001
00011111100000011
00011111100000110
00011111100000111
00011111100001100
00011111100001110
00011111100001111
00011111100011000
00011111100011001
00011111100011100
00011111100011110
00011111100011111
00011111100110000
00011111100110001
00011111100110011
00011111100111000
00011111100111001
00011111100111100
00011111100111110
00011111100111111
00011111110000000
00011111110000001
00011111110000011
00011111110000110
00011111110000111
00011111110001100
00011111110001110
00011111110001111
00011111110011000
00011111110011001
00011111110011100
00011111110011110
00011111110011111
00011111111000000
00011111111000001
00011111111000011
00011111111000110
00011111111000111
00011111111001100
00011111111001110
00011111111001111
00011111111100000
00011111111100001
00011111111100011
00011111111100110
00011111111100111
00011111111110000
00011111111110001
00011111111110011
00011111111111000
00011111111111001
00011111111111100
00011111111111110
00011111111111111
00110000000000000
00110000000000001
00110000000000011
00110000000000110
00110000000000111
00110000000001100
00110000000001110
00110000000001111
00110000000011000
00110000000011001
00110000000011100
00110000000011110
00110000000011111
00110000000110000
00110000000110001
00110000000110011
00110000000111000
00110000000111001
00110000000111100
00110000000111110
00110000000111111
00110000001100000
00110000001100001
00110000001100011
00110000001100110
00110000001100111
00110000001110000
00110000001110001
00110000001110011
00110000001111000
00110000001111001
00110000001111100
00110000001111110
00110000001111111
00110000011000000
00110000011000001
00110000011000011
00110000011000110
00110000011000111
00110000011001100
00110000011001110
00110000011001111
00110000011100000
00110000011100001
00110000011100011
00110000011100110
00110000011100111
00110000011110000
00110000011110001
00110000011110011
00110000011111000
00110000011111001
00110000011111100
00110000011111110
00110000011111111
00110000110000000
00110000110000001
00110000110000011
00110000110000110
00110000110000111
00110000110001100
00110000110001110
00110000110001111
00110000110011000
00110000110011001
00110000110011100
00110000110011110
00110000110011111
00110000111000000
00110000111000001
00110000111000011
00110000111000110
00110000111001100
00110000111001110
00110000111001111
00110000111100000
00110000111100001
00110000111100011
00110000111100110
00110000111100111
00110000111110000
00110000111110001
00110000111110011
00110000111111000
00110000111111001
00110000111111100
00110000111111110
00110000111111111
00110001100000000
00110001100000001
00110001100000011
00110001100000110
00110001100000111
00110001100001100
00110001100001110
00110001100001111
00110001100011000
00110001100011001
00110001100011100
00110001100011110
00110001100011111
00110001100110000
00110001100110001
00110001100110011
00110001100111000
00110001100111001
00110001100111100
00110001100111110
00110001100111111
00110001110000000
00110001110000001
00110001110000110
00110001110000111
00110001110011000
00110001110011001
00110001110011100
00110001110011110
00110001110011111
00110001111000000
00110001111000001
00110001111000011
00110001111000110
00110001111000111
00110001111001100
00110001111001110
00110001111001111
00110001111100000
00110001111100001
00110001111100011
00110001111100110
00110001111100111
00110001111110000
00110001111110001
00110001111110011
00110001111111000
00110001111111001
00110001111111100
00110001111111110
00110001111111111
00110011000000000
00110011000000001
00110011000000011
00110011000000110
00110011000000111
00110011000001100
00110011000001110
00110011000001111
00110011000011000
00110011000011001
00110011000011100
00110011000011110
00110011000011111
00110011000110000
00110011000110001
00110011000110011
00110011000111000
00110011000111001
00110011000111100
00110011000111110
00110011000111111
00110011001100000
00110011001100001
00110011001100011
00110011001100110
00110011001100111
00110011001110000
00110011001110001
00110011001110011
00110011001111000
00110011001111001
00110011001111100
00110011001111110
00110011001111111
00110011100000000
00110011100000001
00110011100000011
00110011100000110
00110011100000111
00110011100001100
00110011100001110
00110011100001111
00110011100011000
00110011100011001
00110011100011110
00110011100110000
00110011100110001
00110011100110011
00110011100111000
00110011100111001
00110011100111100
00110011100111110
00110011100111111
00110011110000000
00110011110000001
00110011110000011
00110011110000110
00110011110000111
00110011110001100
00110011110001110
00110011110001111
00110011110011000
00110011110011001
00110011110011100
00110011110011110
00110011110011111
00110011111000000
00110011111000001
00110011111000011
00110011111000110
00110011111000111
00110011111001100
00110011111001110
00110011111001111
00110011111100000
00110011111100001
00110011111100011
00110011111100110
00110011111100111
00110011111110000
00110011111110001
00110011111110011
00110011111111000
00110011111111001
00110011111111100
00110011111111110
00110011111111111
00111000000000000
00111000000000001
00111000000000011
00111000000000110
00111000000000111
00111000000001100
00111000000001110
00111000000001111
00111000000011000
00111000000011001
00111000000011100
00111000000011110
00111000000011111
00111000000110000
00111000000110001
00111000000110011
00111000000111000
00111000000111001
00111000000111100
00111000000111110
00111000000111111
00111000001100000
00111000001100001
00111000001100011
00111000001100110
00111000001100111
00111000001110011
00111000001111000
00111000001111001
00111000001111100
00111000001111110
00111000001111111
00111000011000000
00111000011000001
00111000011000011
00111000011000110
00111000011000111
00111000011001100
00111000011001110
00111000011001111
00111000011100000
00111000011100001
00111000011100011
00111000011100110
00111000011100111
00111000011110000
00111000011110001
00111000011110011
00111000011111000
00111000011111001
00111000011111100
00111000011111110
00111000011111111
00111000110000000
00111000110000001
00111000110000011
00111000110000110
00111000110000111
00111000110001100
00111000110001110
00111000110001111
00111000110011000
00111000110011001
00111000110011100
00111000110011110
00111000110011111
00111000111100000
00111000111100001
00111000111100011
00111000111100110
00111000111100111
00111000111110000
00111000111110001
00111000111110011
00111000111111000
00111000111111001
00111000111111100
00111000111111110
00111000111111111
00111001100000000
00111001100000001
00111001100000011
00111001100000110
00111001100000111
00111001100001100
00111001100001110
00111001100001111
00111001100011000
00111001100011001
00111001100011100
00111001100011110
00111001100011111
00111001100110000
00111001100110001
00111001100110011
00111001100111000
00111001100111001
00111001100111100
00111001100111110
00111001100111111
00111001110000000
00111001110000001
00111001110000011
00111001110000110
00111001110000111
00111001110001100
00111001110001111
00111001110011000
00111001110011001
00111001110011100
00111001110011110
00111001110011111
00111001111000000
00111001111000001
00111001111000011
00111001111000110
00111001111000111
00111001111001100
00111001111001110
00111001111001111
00111001111100000
00111001111100001
00111001111100011
00111001111100110
00111001111100111
00111001111110000
00111001111110001
00111001111110011
00111001111111000
00111001111111001
00111001111111100
00111001111111110
00111001111111111
00111100000000000
00111100000000001
00111100000000011
00111100000000110
00111100000000111
00111100000001100
00111100000001110
00111100000001111
00111100000011000
00111100000011001
00111100000011100
00111100000011110
00111100000011111
00111100000110000
00111100000110001
00111100000110011
00111100000111000
00111100000111001
00111100000111100
00111100000111110
00111100000111111
00111100001100000
00111100001100001
00111100001100011
00111100001100110
00111100001100111
00111100001110000
00111100001110001
00111100001110011
00111100001111000
00111100001111001
00111100001111100
00111100001111110
00111100001111111
00111100011000000
00111100011000001
00111100011000011
00111100011000110
00111100011000111
00111100011001100
00111100011001110
00111100011001111
00111100011100110
00111100011100111
00111100011110000
00111100011110001
00111100011110011
00111100011111000
00111100011111001
00111100011111100
00111100011111110
00111100011111111
00111100110000000
00111100110000001
00111100110000011
00111100110000110
00111100110000111
00111100110001100
00111100110001110
00111100110001111
00111100110011000
00111100110011001
00111100110011100
00111100110011110
00111100110011111
00111100111000000
00111100111000001
00111100111000011
00111100111000110
00111100111000111
00111100111001100
00111100111001110
00111100111001111
00111100111100000
00111100111100001
00111100111100011
00111100111100110
00111100111100111
00111100111110000
00111100111110001
00111100111110011
00111100111111000
00111100111111001
00111100111111100
00111100111111110
00111100111111111
00111110000000000
00111110000000001
00111110000000011
00111110000000110
00111110000000111
00111110000001100
00111110000001110
00111110000001111
00111110000011000
00111110000011001
00111110000011100
00111110000011110
00111110000011111
00111110000110000
00111110000110001
00111110000110011
00111110000111000
00111110000111001
00111110000111100
00111110000111110
00111110000111111
00111110001100000
00111110001100001
00111110001100011
00111110001100110
00111110001100111
00111110001111000
00111110001111001
00111110001111110
00111110001111111
00111110011000000
00111110011000001
00111110011000011
00111110011000110
00111110011000111
00111110011001100
00111110011001110
00111110011001111
00111110011100000
00111110011100001
00111110011100011
00111110011100110
00111110011100111
00111110011110000
00111110011110001
00111110011110011
00111110011111000
00111110011111001
00111110011111100
00111110011111110
00111110011111111
00111111000000000
00111111000000001
00111111000000011
00111111000000110
00111111000000111
00111111000001100
00111111000001110
00111111000001111
00111111000011000
00111111000011001
00111111000011100
00111111000011110
00111111000011111
00111111000110000
00111111000110001
00111111000110011
00111111000111001
00111111000111100
00111111000111110
00111111000111111
00111111001100000
00111111001100001
00111111001100011
00111111001100110
00111111001100111
00111111001110000
00111111001110001
00111111001110011
00111111001111000
00111111001111001
00111111001111100
00111111001111110
00111111001111111
00111111100000000
00111111100000001
00111111100000011
00111111100000110
00111111100000111
00111111100001100
00111111100001110
00111111100001111
00111111100011000
00111111100011001
00111111100011100
00111111100011110
00111111100011111
00111111100110000
00111111100110001
00111111100110011
00111111100111000
00111111100111001
00111111100111100
00111111100111110
00111111100111111
00111111110000000
00111111110000001
00111111110000011
00111111110000110
00111111110000111
00111111110001100
00111111110001110
00111111110001111
00111111110011000
00111111110011001
00111111110011100
00111111110011110
00111111110011111
00111111111000000
00111111111000001
00111111111000011
00111111111000110
00111111111000111
00111111111001100
00111111111001110
00111111111001111
00111111111100000
00111111111100001
00111111111100011
00111111111100110
00111111111100111
00111111111110000
00111111111110001
00111111111110011
00111111111111000
00111111111111001
00111111111111100
00111111111111110
00111111111111111
01100000000000000
01100000000000001
01100000000000011
01100000000000110
01100000000000111
01100000000001100
01100000000001110
01100000000001111
01100000000011000
01100000000011001
01100000000011100
01100000000011110
01100000000011111
01100000000110000
01100000000110001
01100000000110011
01100000000111000
01100000000111001
01100000000111100
01100000000111110
01100000000111111
01100000001100000
01100000001100001
01100000001100011
01100000001100110
01100000001100111
01100000001110000
01100000001110001
01100000001110011
01100000001111000
01100000001111001
01100000001111100
01100000001111110
01100000001111111
01100000011000000
01100000011000001
01100000011000011
01100000011000110
01100000011000111
01100000011001100
01100000011001110
01100000011001111
01100000011100000
01100000011100001
01100000011100011
01100000011100110
01100000011100111
01100000011110000
01100000011110001
01100000011110011
01100000011111000
01100000011111001
01100000011111100
01100000011111110
01100000011111111
01100000110000000
01100000110000001
01100000110000011
01100000110000110
01100000110000111
01100000110001100
01100000110001110
01100000110001111
01100000110011000
01100000110011001
01100000110011100
01100000110011110
01100000110011111
01100000111000000
01100000111000011
01100000111000110
01100000111001100
01100000111001110
01100000111001111
01100000111100000
01100000111100001
01100000111100011
01100000111100110
01100000111100111
01100000111110000
01100000111110001
01100000111110011
01100000111111000
01100000111111001
01100000111111100
01100000111111110
01100000111111111
01100001100000000
01100001100000001
01100001100000011
01100001100000110
01100001100000111
01100001100001100
01100001100001110
01100001100001111
01100001100011000
01100001100011001
01100001100011100
01100001100011110
01100001100011111
01100001100110000
01100001100110001
01100001100110011
01100001100111000
01100001100111001
01100001100111100
01100001100111110
01100001100111111
01100001110000000
01100001110000001
01100001110000011
01100001110000110
01100001110000111
01100001110001100
01100001110011000
01100001110011001
01100001110011100
01100001110011110
01100001110011111
01100001111000000
01100001111000001
01100001111000011
01100001111000110
01100001111000111
01100001111001100
01100001111001110
01100001111001111
01100001111100000
01100001111100001
01100001111100011
01100001111100110
01100001111100111
01100001111110000
01100001111110001
01100001111110011
01100001111111000
01100001111111001
01100001111111100
01100001111111110
01100001111111111
01100011000000000
01100011000000001
01100011000000011
01100011000000110
01100011000000111
01100011000001100
01100011000001110
01100011000001111
01100011000011000
01100011000011001
01100011000011100
01100011000011110
01100011000011111
01100011000110000
01100011000110001
01100011000110011
01100011000111000
01100011000111001
01100011000111100
01100011000111110
01100011000111111
01100011001100000
01100011001100001
01100011001100011
01100011001100110
01100011001100111
01100011001110000
01100011001110001
01100011001110011
01100011001111000
01100011001111001
01100011001111100
01100011001111110
01100011001111111
01100011100000000
01100011100000001
01100011100000011
01100011100000110
01100011100000111
01100011100001100
01100011100001110
01100011100001111
01100011100110000
01100011100110001
01100011100110011
01100011100111000
01100011100111001
01100011100111100
01100011100111110
01100011100111111
01100011110000000
01100011110000001
01100011110000011
01100011110000110
01100011110000111
01100011110001100
01100011110001110
01100011110001111
01100011110011000
01100011110011001
01100011110011100
01100011110011110
01100011110011111
01100011111000000
01100011111000001
01100011111000011
01100011111000110
01100011111001100
01100011111001110
01100011111001111
01100011111100000
01100011111100001
01100011111100011
01100011111100110
01100011111100111
01100011111110000
01100011111110001
01100011111110011
01100011111111000
01100011111111001
01100011111111100
01100011111111110
01100011111111111
01100110000000000
01100110000000001
01100110000000011
01100110000000110
01100110000000111
01100110000001100
01100110000001110
01100110000001111
01100110000011000
01100110000011001
01100110000011100
01100110000011110
01100110000011111
01100110000110000
01100110000110001
01100110000110011
01100110000111000
01100110000111001
01100110000111100
01100110000111110
01100110000111111
01100110001100000
01100110001100001
01100110001100011
01100110001100110
01100110001100111
01100110001110000
01100110001110011
01100110001111000
01100110001111001
01100110001111100
01100110001111110
01100110001111111
01100110011000000
01100110011000001
01100110011000011
01100110011000110
01100110011000111
01100110011001100
01100110011001110
01100110011001111
01100110011100000
01100110011100001
01100110011100011
01100110011100110
01100110011100111
01100110011110000
01100110011110001
01100110011110011
01100110011111000
01100110011111001
01100110011111100
01100110011111110
01100110011111111
01100111000000000
01100111000000001
01100111000000011
01100111000000110
01100111000000111
01100111000001100
01100111000001110
01100111000001111
01100111000011000
01100111000011001
01100111000011100
01100111000011110
01100111000011111
01100111000110000
01100111000110001
01100111000110011
01100111000111100
01100111001100000
01100111001100001
01100111001100011
01100111001100110
01100111001100111
01100111001110000
01100111001110001
01100111001110011
01100111001111000
01100111001111001
01100111001111100
01100111001111110
01100111001111111
01100111100000000
01100111100000001
01100111100000011
01100111100000110
01100111100000111
01100111100001100
01100111100001110
01100111100001111
01100111100011000
01100111100011001
01100111100011100
01100111100011110
01100111100011111
01100111100110000
01100111100110001
01100111100110011
01100111100111000
01100111100111001
01100111100111100
01100111100111110
01100111100111111
01100111110000000
01100111110000001
01100111110000011
01100111110000110
01100111110000111
01100111110001100
01100111110001110
01100111110001111
01100111110011000
01100111110011001
01100111110011100
01100111110011110
01100111110011111
01100111111000000
01100111111000001
01100111111000011
01100111111000110
01100111111000111
01100111111001100
01100111111001110
01100111111001111
01100111111100000
01100111111100001
01100111111100011
01100111111100110
01100111111100111
01100111111110000
01100111111110001
01100111111110011
01100111111111000
01100111111111001
01100111111111100
01100111111111110
01100111111111111
01110000000000000
01110000000000001
01110000000000011
01110000000000110
01110000000000111
01110000000001100
01110000000001110
01110000000001111
01110000000011000
01110000000011001
01110000000011100
01110000000011110
01110000000011111
01110000000110000
01110000000110001
01110000000110011
01110000000111000
01110000000111001
01110000000111100
01110000000111110
01110000000111111
01110000001100000
01110000001100001
01110000001100011
01110000001100110
01110000001100111
01110000001110000
01110000001110001
01110000001110011
01110000001111000
01110000001111001
01110000001111100
01110000001111110
01110000001111111
01110000011000000
01110000011000001
01110000011000011
01110000011000110
01110000011000111
01110000011001100
01110000011001110
01110000011001111
01110000011100011
01110000011100110
01110000011100111
01110000011110000
01110000011110001
01110000011110011
01110000011111000
01110000011111001
01110000011111100
01110000011111110
01110000011111111
01110000110000000
01110000110000001
01110000110000011
01110000110000110
01110000110000111
01110000110001100
01110000110001110
01110000110001111
01110000110011000
01110000110011001
01110000110011100
01110000110011110
01110000110011111
01110000111000000
01110000111000001
01110000111000011
01110000111000110
01110000111001100
01110000111001110
01110000111001111
01110000111100000
01110000111100001
01110000111100011
01110000111100110
01110000111100111
01110000111110000
01110000111110001
01110000111110011
01110000111111000
01110000111111001
01110000111111100
01110000111111110
01110000111111111
01110001100000000
01110001100000001
01110001100000011
01110001100000110
01110001100000111
01110001100001100
01110001100001110
01110001100001111
01110001100011000
01110001100011001
01110001100011100
01110001100011110
01110001100011111
01110001100110000
01110001100110001
01110001100110011
01110001100111000
01110001100111001
01110001100111100
01110001100111110
01110001100111111
01110001111000000
01110001111000001
01110001111000011
01110001111000110
01110001111000111
01110001111001100
01110001111001110
01110001111001111
01110001111100000
01110001111100001
01110001111100110
01110001111100111
01110001111110000
01110001111110001
01110001111110011
01110001111111000
01110001111111001
01110001111111100
01110001111111110
01110001111111111
01110011000000000
01110011000000001
01110011000000011
01110011000000110
01110011000000111
01110011000001100
01110011000001110
01110011000001111
01110011000011000
01110011000011001
01110011000011100
01110011000011110
01110011000011111
01110011000110000
01110011000110001
01110011000110011
01110011000111000
01110011000111001
01110011000111100
01110011000111110
01110011000111111
01110011001100000
01110011001100001
01110011001100011
01110011001100110
01110011001100111
01110011001110000
01110011001110001
01110011001110011
01110011001111000
01110011001111001
01110011001111100
01110011001111110
01110011001111111
01110011100000000
01110011100000001
01110011100000011
01110011100000110
01110011100000111
01110011100001100
01110011100001110
01110011100001111
01110011100011000
01110011100011001
01110011100011110
01110011100011111
01110011100110000
01110011100110001
01110011100110011
01110011100111000
01110011100111001
01110011100111100
01110011100111110
01110011100111111
01110011110000000
01110011110000001
01110011110000011
01110011110000110
01110011110000111
01110011110001100
01110011110001110
01110011110001111
01110011110011000
01110011110011001
01110011110011100
01110011110011110
01110011110011111
01110011111000000
01110011111000001
01110011111000011
01110011111000110
01110011111000111
01110011111001100
01110011111001110
01110011111001111
01110011111100000
01110011111100001
01110011111100011
01110011111100110
01110011111100111
01110011111110000
01110011111110001
01110011111110011
01110011111111000
01110011111111001
01110011111111100
01110011111111110
01110011111111111
01111000000000000
01111000000000001
01111000000000011
01111000000000110
01111000000000111
01111000000001100
01111000000001110
01111000000001111
01111000000011000
01111000000011001
01111000000011100
01111000000011110
01111000000011111
01111000000110000
01111000000110001
01111000000110011
01111000000111000
01111000000111001
01111000000111100
01111000000111110
01111000000111111
01111000001100000
01111000001100001
01111000001100011
01111000001100110
01111000001100111
01111000001110000
01111000001110001
01111000001110011
01111000001111000
01111000001111001
01111000001111100
01111000001111110
01111000001111111
01111000011000000
01111000011000001
01111000011000011
01111000011000110
01111000011000111
01111000011001100
01111000011001110
01111000011001111
01111000011100000
01111000011100001
01111000011100011
01111000011100110
01111000011100111
01111000011110000
01111000011110001
01111000011110011
01111000011111000
01111000011111001
01111000011111100
01111000011111110
01111000011111111
01111000110000000
01111000110000001
01111000110000011
01111000110000110
01111000110000111
01111000110001100
01111000110001110
01111000110001111
01111000110011000
01111000110011001
01111000110011100
01111000110011110
01111000110011111
01111000111001100
01111000111001110
01111000111001111
01111000111100000
01111000111100001
01111000111100011
01111000111100110
01111000111100111
01111000111110000
01111000111110011
01111000111111000
01111000111111001
01111000111111100
01111000111111110
01111000111111111
01111001100000000
01111001100000001
01111001100000011
01111001100000110
01111001100000111
01111001100001100
01111001100001110
01111001100001111
01111001100011000
01111001100011001
01111001100011100
01111001100011110
01111001100011111
01111001100110000
01111001100110001
01111001100110011
01111001100111000
01111001100111001
01111001100111100
01111001100111110
01111001100111111
01111001110000000
01111001110000001
01111001110000011
01111001110000110
01111001110000111
01111001110001100
01111001110001111
01111001110011000
01111001110011001
01111001110011100
01111001110011110
01111001110011111
01111001111000000
01111001111000001
01111001111000011
01111001111000110
01111001111000111
01111001111001100
01111001111001110
01111001111001111
01111001111100000
01111001111100001
01111001111100011
01111001111100110
01111001111100111
01111001111110000
01111001111110001
01111001111110011
01111001111111000
01111001111111001
01111001111111100
01111001111111110
01111001111111111
01111100000000000
01111100000000001
01111100000000011
01111100000000110
01111100000000111
01111100000001100
01111100000001110
01111100000001111
01111100000011000
01111100000011001
01111100000011100
01111100000011110
01111100000011111
01111100000110000
01111100000110001
01111100000110011
01111100000111000
01111100000111001
01111100000111100
01111100000111110
01111100000111111
01111100001100000
01111100001100001
01111100001100011
01111100001100110
01111100001100111
01111100001110000
01111100001110001
01111100001110011
01111100001111000
01111100001111001
01111100001111100
01111100001111110
01111100001111111
01111100011000000
01111100011000001
01111100011000011
01111100011000110
01111100011000111
01111100011001100
01111100011001110
01111100011001111
01111100011110000
01111100011110001
01111100011110011
01111100011111100
01111100011111110
01111100011111111
01111100110000000
01111100110000001
01111100110000011
01111100110000110
01111100110000111
01111100110001100
01111100110001110
01111100110001111
01111100110011000
01111100110011001
01111100110011100
01111100110011110
01111100110011111
01111100111000000
01111100111000001
01111100111000011
01111100111000110
01111100111000111
01111100111001100
01111100111001110
01111100111001111
01111100111100000
01111100111100001
01111100111100011
01111100111100110
01111100111100111
01111100111110000
01111100111110001
01111100111110011
01111100111111000
01111100111111001
01111100111111100
01111100111111110
01111100111111111
01111110000000000
01111110000000001
01111110000000011
01111110000000110
01111110000000111
01111110000001100
01111110000001110
01111110000001111
01111110000011000
01111110000011001
01111110000011100
01111110000011110
01111110000011111
01111110000110000
01111110000110001
01111110000110011
01111110000111000
01111110000111001
01111110000111100
01111110000111110
01111110000111111
01111110001100000
01111110001100001
01111110001100011
01111110001100110
01111110001100111
01111110001110011
01111110001111000
01111110001111001
01111110001111100
01111110001111110
01111110001111111
01111110011000000
01111110011000001
01111110011000011
01111110011000110
01111110011000111
01111110011001100
01111110011001110
01111110011001111
01111110011100000
01111110011100001
01111110011100011
01111110011100110
01111110011100111
01111110011110000
01111110011110001
01111110011110011
01111110011111000
01111110011111001
01111110011111100
01111110011111110
01111110011111111
01111111000000000
01111111000000001
01111111000000011
01111111000000110
01111111000000111
01111111000001100
01111111000001110
01111111000001111
01111111000011000
01111111000011001
01111111000011100
01111111000011110
01111111000011111
01111111000110000
01111111000110001
01111111000110011
01111111000111001
01111111000111100
01111111000111110
01111111000111111
01111111001100000
01111111001100001
01111111001100011
01111111001100110
01111111001100111
01111111001110000
01111111001110001
01111111001110011
01111111001111000
01111111001111001
01111111001111100
01111111001111110
01111111001111111
01111111100000000
01111111100000001
01111111100000011
01111111100000110
01111111100000111
01111111100001100
01111111100001110
01111111100001111
01111111100011000
01111111100011001
01111111100011100
01111111100011110
01111111100011111
01111111100110000
01111111100110001
01111111100110011
01111111100111000
01111111100111001
01111111100111100
01111111100111110
01111111100111111
01111111110000000
01111111110000001
01111111110000011
01111111110000110
01111111110000111
01111111110001100
01111111110001110
01111111110001111
01111111110011000
01111111110011001
01111111110011100
01111111110011110
01111111110011111
01111111111000000
01111111111000001
01111111111000011
01111111111000110
01111111111000111
01111111111001100
01111111111001110
01111111111001111
01111111111100000
01111111111100001
01111111111100011
01111111111100110
01111111111100111
01111111111110000
01111111111110001
01111111111110011
01111111111111000
01111111111111001
01111111111111100
01111111111111110
01111111111111111
10000000000000000
10000000000000001
10000000000000011
10000000000000110
10000000000000111
10000000000001100
10000000000001110
10000000000001111
10000000000011000
10000000000011001
10000000000011100
10000000000011110
10000000000011111
10000000000110000
10000000000110001
10000000000110011
10000000000111000
10000000000111001
10000000000111100
10000000000111110
10000000000111111
10000000001100000
10000000001100001
10000000001100011
10000000001100110
10000000001100111
10000000001110000
10000000001110001
10000000001110011
10000000001111000
10000000001111001
10000000001111100
10000000001111110
10000000001111111
10000000011000000
10000000011000001
10000000011000011
10000000011000110
10000000011000111
10000000011001100
10000000011001110
10000000011001111
10000000011100000
10000000011100001
10000000011100011
10000000011100110
10000000011100111
10000000011110000
10000000011110001
10000000011110011
10000000011111000
10000000011111001
10000000011111100
10000000011111110
10000000011111111
10000000110000000
10000000110000001
10000000110000011
10000000110000110
10000000110000111
10000000110001100
10000000110001110
10000000110001111
10000000110011000
10000000110011001
10000000110011100
10000000110011110
10000000110011111
10000000111000000
10000000111000001
10000000111000011
10000000111000110
10000000111001100
10000000111001110
10000000111001111
10000000111100000
10000000111100001
10000000111100011
10000000111100110
10000000111100111
10000000111110000
10000000111110001
10000000111110011
10000000111111000
10000000111111001
10000000111111100
10000000111111110
10000000111111111
10000001100000000
10000001100000001
10000001100000011
10000001100000110
10000001100000111
10000001100001100
10000001100001110
10000001100001111
10000001100011000
10000001100011001
10000001100011100
10000001100011110
10000001100011111
10000001100110000
10000001100110001
10000001100110011
10000001100111000
10000001100111001
10000001100111100
10000001100111110
10000001100111111
10000001110000000
10000001110000001
10000001110000011
10000001110000110
10000001110000111
10000001110001100
10000001110011000
10000001110011001
10000001110011100
10000001110011110
10000001110011111
10000001111000000
10000001111000001
10000001111000011
10000001111000110
10000001111000111
10000001111001100
10000001111001110
10000001111001111
10000001111100000
10000001111100001
10000001111100011
10000001111100110
10000001111100111
10000001111110000
10000001111110001
10000001111110011
10000001111111000
10000001111111001
10000001111111100
10000001111111110
10000001111111111
10000011000000000
10000011000000001
10000011000000011
10000011000000110
10000011000000111
10000011000001100
10000011000001110
10000011000001111
10000011000011000
10000011000011001
10000011000011100
10000011000011110
10000011000011111
10000011000110000
10000011000110001
10000011000110011
10000011000111000
10000011000111001
10000011000111100
10000011000111110
10000011000111111
10000011001100000
10000011001100001
10000011001100011
10000011001100110
10000011001100111
10000011001110000
10000011001110001
10000011001110011
10000011001111000
10000011001111001
10000011001111100
10000011001111110
10000011001111111
10000011100000000
10000011100000001
10000011100000011
10000011100001100
10000011100001110
10000011100001111
10000011100110000
10000011100110001
10000011100110011
10000011100111000
10000011100111001
10000011100111100
10000011100111110
10000011100111111
10000011110000000
10000011110000001
10000011110000011
10000011110000110
10000011110000111
10000011110001100
10000011110001110
10000011110001111
10000011110011000
10000011110011001
10000011110011100
10000011110011110
10000011110011111
10000011111000000
10000011111000001
10000011111000011
10000011111000110
10000011111000111
10000011111001100
10000011111001110
10000011111001111
10000011111100000
10000011111100001
10000011111100011
10000011111100110
10000011111100111
10000011111110000
10000011111110001
10000011111110011
10000011111111000
10000011111111001
10000011111111100
10000011111111110
10000011111111111
10000110000000000
10000110000000001
10000110000000011
10000110000000110
10000110000000111
10000110000001100
10000110000001110
10000110000001111
10000110000011000
10000110000011001
10000110000011100
10000110000011110
10000110000011111
10000110000110000
10000110000110001
10000110000110011
10000110000111000
10000110000111001
10000110000111100
10000110000111110
10000110000111111
10000110001100000
10000110001100001
10000110001100011
10000110001100110
10000110001100111
10000110001110000
10000110001110011
10000110001111000
10000110001111001
10000110001111100
10000110001111110
10000110001111111
10000110011000000
10000110011000001
10000110011000011
10000110011000110
10000110011000111
10000110011001100
10000110011001110
10000110011001111
10000110011100000
10000110011100001
10000110011100011
10000110011100110
10000110011100111
10000110011110000
10000110011110001
10000110011110011
10000110011111000
10000110011111001
10000110011111100
10000110011111110
10000110011111111
10000111000000000
10000111000000001
10000111000000011
10000111000000110
10000111000000111
10000111000001100
10000111000001111
10000111000011000
10000111000011001
10000111000011100
10000111000011110
10000111000011111
10000111000110000
10000111000110001
10000111000110011
10000111001100000
10000111001100001
10000111001100011
10000111001100110
10000111001100111
10000111001110000
10000111001110001
10000111001110011
10000111001111000
10000111001111001
10000111001111100
10000111001111110
10000111001111111
10000111100000000
10000111100000001
10000111100000011
10000111100000110
10000111100000111
10000111100001100
10000111100001110
10000111100001111
10000111100011000
10000111100011001
10000111100011100
10000111100011110
10000111100011111
10000111100110000
10000111100110001
10000111100110011
10000111100111000
10000111100111001
10000111100111100
10000111100111110
10000111100111111
10000111110000000
10000111110000001
10000111110000011
10000111110000110
10000111110000111
10000111110001100
10000111110001110
10000111110001111
10000111110011000
10000111110011001
10000111110011100
10000111110011110
10000111110011111
10000111111000000
10000111111000001
10000111111000011
10000111111000110
10000111111000111
10000111111001100
10000111111001110
10000111111001111
10000111111100000
10000111111100001
10000111111100011
10000111111100110
10000111111100111
10000111111110000
10000111111110001
10000111111110011
10000111111111000
10000111111111001
10000111111111100
10000111111111110
10000111111111111
10001100000000000
10001100000000001
10001100000000011
10001100000000110
10001100000000111
10001100000001100
10001100000001110
10001100000001111
10001100000011000
10001100000011001
10001100000011100
10001100000011110
10001100000011111
10001100000110000
10001100000110001
10001100000110011
10001100000111000
10001100000111001
10001100000111100
10001100000111110
10001100000111111
10001100001100000
10001100001100001
10001100001100011
10001100001100110
10001100001100111
10001100001110000
10001100001110001
10001100001110011
10001100001111000
10001100001111001
10001100001111100
10001100001111110
10001100001111111
10001100011000000
10001100011000001
10001100011000011
10001100011000110
10001100011000111
10001100011001100
10001100011001110
10001100011001111
10001100011100000
10001100011100001
10001100011100110
10001100011100111
10001100011110000
10001100011110001
10001100011110011
10001100011111000
10001100011111001
10001100011111100
10001100011111110
10001100011111111
10001100110000000
10001100110000001
10001100110000011
10001100110000110
10001100110000111
10001100110001100
10001100110001110
10001100110001111
10001100110011000
10001100110011001
10001100110011100
10001100110011110
10001100110011111
10001100111000000
10001100111000001
10001100111000011
10001100111000110
10001100111000111
10001100111001100
10001100111001110
10001100111001111
10001100111100000
10001100111100001
10001100111100011
10001100111100110
10001100111100111
10001100111110000
10001100111110001
10001100111110011
10001100111111000
10001100111111001
10001100111111100
10001100111111110
10001100111111111
10001110000000000
10001110000000001
10001110000000011
10001110000000110
10001110000000111
10001110000001100
10001110000001110
10001110000001111
10001110000011000
10001110000011001
10001110000011110
10001110000011111
10001110000110000
10001110000110001
10001110000110011
10001110000111000
10001110000111001
10001110000111100
10001110000111110
10001110000111111
10001110011000000
10001110011000001
10001110011000011
10001110011000110
10001110011000111
10001110011001100
10001110011001110
10001110011001111
10001110011100000
10001110011100001
10001110011100011
10001110011100110
10001110011100111
10001110011110000
10001110011110001
10001110011110011
10001110011111000
10001110011111001
10001110011111100
10001110011111110
10001110011111111
10001111000000000
10001111000000001
10001111000000011
10001111000000110
10001111000000111
10001111000001100
10001111000001110
10001111000001111
10001111000011000
10001111000011001
10001111000011100
10001111000011110
10001111000011111
10001111000110000
10001111000110001
10001111000110011
10001111000111001
10001111000111100
10001111000111110
10001111000111111
10001111001100000
10001111001100001
10001111001100011
10001111001100110
10001111001100111
10001111001110000
10001111001110001
10001111001110011
10001111001111000
10001111001111001
10001111001111100
10001111001111110
10001111001111111
10001111100000000
10001111100000001
10001111100000011
10001111100000110
10001111100000111
10001111100001100
10001111100001110
10001111100001111
10001111100011000
10001111100011001
10001111100011100
10001111100110000
10001111100110001
10001111100110011
10001111100111000
10001111100111001
10001111100111100
10001111100111110
10001111100111111
10001111110000000
10001111110000001
10001111110000011
10001111110000110
10001111110000111
10001111110001100
10001111110001110
10001111110001111
10001111110011000
10001111110011001
10001111110011100
10001111110011110
10001111110011111
10001111111000000
10001111111000001
10001111111000011
10001111111000110
10001111111000111
10001111111001100
10001111111001110
10001111111001111
10001111111100000
10001111111100001
10001111111100011
10001111111100110
10001111111100111
10001111111110000
10001111111110001
10001111111110011
10001111111111000
10001111111111001
10001111111111100
10001111111111110
10001111111111111
10011000000000000
10011000000000001
10011000000000011
10011000000000110
10011000000000111
10011000000001100
10011000000001110
10011000000001111
10011000000011000
10011000000011001
10011000000011100
10011000000011110
10011000000011111
10011000000110000
10011000000110001
10011000000110011
10011000000111000
10011000000111001
10011000000111100
10011000000111110
10011000000111111
10011000001100000
10011000001100001
10011000001100011
10011000001100110
10011000001100111
10011000001110000
10011000001110001
10011000001110011
10011000001111000
10011000001111001
10011000001111100
10011000001111110
10011000001111111
10011000011000000
10011000011000001
10011000011000011
10011000011000110
10011000011000111
10011000011001100
10011000011001110
10011000011001111
10011000011100000
10011000011100001
10011000011100011
10011000011100110
10011000011100111
10011000011110000
10011000011110001
10011000011110011
10011000011111000
10011000011111001
10011000011111100
10011000011111110
10011000011111111
10011000110000000
10011000110000001
10011000110000011
10011000110000110
10011000110000111
10011000110001100
10011000110001110
10011000110001111
10011000110011000
10011000110011001
10011000110011100
10011000110011110
10011000110011111
10011000111000011
10011000111001100
10011000111001110
10011000111001111
10011000111100000
10011000111100001
10011000111100011
10011000111100110
10011000111100111
10011000111110000
10011000111110001
10011000111110011
10011000111111000
10011000111111001
10011000111111100
10011000111111110
10011000111111111
10011001100000000
10011001100000001
10011001100000011
10011001100000110
10011001100000111
10011001100001100
10011001100001110
10011001100001111
10011001100011000
10011001100011001
10011001100011100
10011001100011110
10011001100011111
10011001100110000
10011001100110001
10011001100110011
10011001100111000
10011001100111001
10011001100111100
10011001100111110
10011001100111111
10011001110000000
10011001110000001
10011001110000011
10011001110000110
10011001110000111
10011001110001100
10011001110001111
10011001110011000
10011001110011001
10011001110011100
10011001110011110
10011001110011111
10011001111000000
10011001111000001
10011001111000011
10011001111000110
10011001111000111
10011001111001100
10011001111001110
10011001111001111
10011001111100000
10011001111100001
10011001111100011
10011001111100110
10011001111100111
10011001111110000
10011001111110001
10011001111110011
10011001111111000
10011001111111001
10011001111111100
10011001111111110
10011001111111111
10011100000000000
10011100000000001
10011100000000011
10011100000000110
10011100000000111
10011100000001100
10011100000001110
10011100000001111
10011100000011000
10011100000011001
10011100000011100
10011100000011110
10011100000011111
10011100000110000
10011100000110001
10011100000110011
10011100000111001
10011100000111100
10011100000111110
10011100000111111
10011100001100000
10011100001100001
10011100001100011
10011100001100110
10011100001100111
10011100001110000
10011100001110001
10011100001110011
10011100001111000
10011100001111001
10011100001111100
10011100001111110
10011100001111111
10011100011000000
10011100011000001
10011100011000011
10011100011000110
10011100011000111
10011100011001100
10011100011001110
10011100011001111
10011100011110000
10011100011110001
10011100011110011
10011100011111000
10011100011111001
10011100011111100
10011100011111110
10011100011111111
10011100110000000
10011100110000001
10011100110000011
10011100110000110
10011100110000111
10011100110001100
10011100110001110
10011100110001111
10011100110011000
10011100110011001
10011100110011100
10011100110011110
10011100110011111
10011100111000000
10011100111000001
10011100111000011
10011100111000110
10011100111000111
10011100111001100
10011100111001110
10011100111001111
10011100111100000
10011100111100001
10011100111100011
10011100111100110
10011100111100111
10011100111110000
10011100111110001
10011100111110011
10011100111111000
10011100111111001
10011100111111100
10011100111111110
10011100111111111
10011110000000000
10011110000000001
10011110000000011
10011110000000110
10011110000000111
10011110000001100
10011110000001110
10011110000001111
10011110000011000
10011110000011001
10011110000011100
10011110000011110
10011110000011111
10011110000110000
10011110000110001
10011110000110011
10011110000111000
10011110000111001
10011110000111100
10011110000111110
10011110000111111
10011110001100000
10011110001100001
10011110001100011
10011110001100110
10011110001100111
10011110001110011
10011110001111000
10011110001111001
10011110001111100
10011110001111110
10011110001111111
10011110011000000
10011110011000001
10011110011000011
10011110011000110
10011110011000111
10011110011001100
10011110011001110
10011110011001111
10011110011100000
10011110011100001
10011110011100011
10011110011100110
10011110011100111
10011110011110000
10011110011110001
10011110011110011
10011110011111000
10011110011111001
10011110011111100
10011110011111110
10011110011111111
10011111000000000
10011111000000001
10011111000000011
10011111000000110
10011111000000111
10011111000001100
10011111000001110
10011111000001111
10011111000011000
10011111000011001
10011111000011100
10011111000011110
10011111000011111
10011111000110000
10011111000110001
10011111000110011
10011111000111001
10011111000111100
10011111000111111
10011111001100000
10011111001100001
10011111001100011
10011111001100110
10011111001100111
10011111001110000
10011111001110001
10011111001110011
10011111001111000
10011111001111001
10011111001111100
10011111001111110
10011111001111111
10011111100000000
10011111100000001
10011111100000011
10011111100000110
10011111100000111
10011111100001100
10011111100001110
10011111100001111
10011111100011000
10011111100011001
10011111100011100
10011111100011110
10011111100011111
10011111100110000
10011111100110001
10011111100110011
10011111100111000
10011111100111001
10011111100111100
10011111100111110
10011111100111111
10011111110000000
10011111110000001
10011111110000011
10011111110000110
10011111110000111
10011111110001100
10011111110001110
10011111110001111
10011111110011000
10011111110011001
10011111110011100
10011111110011110
10011111110011111
10011111111000000
10011111111000001
10011111111000011
10011111111000110
10011111111000111
10011111111001100
10011111111001110
10011111111001111
10011111111100000
10011111111100001
10011111111100011
10011111111100110
10011111111100111
10011111111110000
10011111111110001
10011111111110011
10011111111111000
10011111111111001
10011111111111100
10011111111111110
10011111111111111
11000000000000000
11000000000000001
11000000000000011
11000000000000110
11000000000000111
11000000000001100
11000000000001110
11000000000001111
11000000000011000
11000000000011001
11000000000011100
11000000000011110
11000000000011111
11000000000110000
11000000000110001
11000000000110011
11000000000111000
11000000000111001
11000000000111100
11000000000111110
11000000000111111
11000000001100000
11000000001100001
11000000001100011
11000000001100110
11000000001100111
11000000001110000
11000000001110001
11000000001110011
11000000001111000
11000000001111001
11000000001111100
11000000001111110
11000000001111111
11000000011000000
11000000011000001
11000000011000011
11000000011000110
11000000011000111
11000000011001100
11000000011001110
11000000011001111
11000000011100000
11000000011100001
11000000011100011
11000000011100110
11000000011100111
11000000011110000
11000000011110001
11000000011110011
11000000011111000
11000000011111001
11000000011111100
11000000011111110
11000000011111111
11000000110000000
11000000110000001
11000000110000011
11000000110000110
11000000110000111
11000000110001100
11000000110001110
11000000110001111
11000000110011000
11000000110011001
11000000110011100
11000000110011110
11000000110011111
11000000111000000
11000000111000001
11000000111000011
11000000111000110
11000000111001100
11000000111001110
11000000111001111
11000000111100000
11000000111100001
11000000111100011
11000000111100110
11000000111100111
11000000111110000
11000000111110001
11000000111110011
11000000111111000
11000000111111001
11000000111111100
11000000111111110
11000000111111111
11000001100000000
11000001100000001
11000001100000011
11000001100000110
11000001100000111
11000001100001100
11000001100001110
11000001100001111
11000001100011000
11000001100011001
11000001100011100
11000001100011110
11000001100011111
11000001100110000
11000001100110001
11000001100110011
11000001100111000
11000001100111001
11000001100111100
11000001100111110
11000001100111111
11000001110000000
11000001110000001
11000001110000110
11000001110000111
11000001110011000
11000001110011001
11000001110011100
11000001110011110
11000001110011111
11000001111000000
11000001111000001
11000001111000011
11000001111000110
11000001111000111
11000001111001100
11000001111001110
11000001111001111
11000001111100000
11000001111100001
11000001111100011
11000001111100110
11000001111100111
11000001111110000
11000001111110001
11000001111110011
11000001111111000
11000001111111001
11000001111111100
11000001111111110
11000001111111111
11000011000000000
11000011000000001
11000011000000011
11000011000000110
11000011000000111
11000011000001100
11000011000001110
11000011000001111
11000011000011000
11000011000011001
11000011000011100
11000011000011110
11000011000011111
11000011000110000
11000011000110001
11000011000110011
11000011000111000
11000011000111001
11000011000111100
11000011000111110
11000011000111111
11000011001100000
11000011001100001
11000011001100011
11000011001100110
11000011001100111
11000011001110000
11000011001110001
11000011001110011
11000011001111000
11000011001111001
11000011001111100
11000011001111110
11000011001111111
11000011100000000
11000011100000001
11000011100000011
11000011100000110
11000011100000111
11000011100001100
11000011100001110
11000011100001111
11000011100011000
11000011100011001
11000011100110000
11000011100110001
11000011100110011
11000011100111000
11000011100111001
11000011100111100
11000011100111110
11000011100111111
11000011110000000
11000011110000001
11000011110000011
11000011110000110
11000011110000111
11000011110001100
11000011110001110
11000011110001111
11000011110011000
11000011110011001
11000011110011100
11000011110011110
11000011110011111
11000011111000000
11000011111000001
11000011111000011
11000011111000110
11000011111000111
11000011111001100
11000011111001110
11000011111001111
11000011111100000
11000011111100001
11000011111100011
11000011111100110
11000011111100111
11000011111110000
11000011111110001
11000011111110011
11000011111111000
11000011111111001
11000011111111100
11000011111111110
11000011111111111
11000110000000000
11000110000000001
11000110000000011
11000110000000110
11000110000000111
11000110000001100
11000110000001110
11000110000001111
11000110000011000
11000110000011001
11000110000011100
11000110000011110
11000110000011111
11000110000110000
11000110000110001
11000110000110011
11000110000111000
11000110000111001
11000110000111100
11000110000111110
11000110000111111
11000110001100000
11000110001100001
11000110001100011
11000110001100110
11000110001100111
11000110001110000
11000110001110011
11000110001111000
11000110001111001
11000110001111100
11000110001111110
11000110001111111
11000110011000000
11000110011000001
11000110011000011
11000110011000110
11000110011000111
11000110011001100
11000110011001110
11000110011001111
11000110011100000
11000110011100001
11000110011100011
11000110011100110
11000110011100111
11000110011110000
11000110011110001
11000110011110011
11000110011111000
11000110011111001
11000110011111100
11000110011111110
11000110011111111
11000111000000000
11000111000000001
11000111000000011
11000111000000110
11000111000000111
11000111000001100
11000111000001110
11000111000001111
11000111000011000
11000111000011001
11000111000011100
11000111000011110
11000111000011111
11000111001100000
11000111001100001
11000111001100011
11000111001100110
11000111001100111
11000111001110000
11000111001110001
11000111001110011
11000111001111000
11000111001111001
11000111001111100
11000111001111110
11000111001111111
11000111100000000
11000111100000001
11000111100000011
11000111100000110
11000111100000111
11000111100001100
11000111100001110
11000111100001111
11000111100011000
11000111100011001
11000111100011100
11000111100011110
11000111100011111
11000111100110000
11000111100110001
11000111100110011
11000111100111000
11000111100111001
11000111100111100
11000111100111110
11000111100111111
11000111110000000
11000111110000001
11000111110000011
11000111110000110
11000111110000111
11000111110001100
11000111110011000
11000111110011001
11000111110011100
11000111110011110
11000111110011111
11000111111000000
11000111111000001
11000111111000011
11000111111000110
11000111111000111
11000111111001100
11000111111001110
11000111111001111
11000111111100000
11000111111100001
11000111111100011
11000111111100110
11000111111100111
11000111111110000
11000111111110001
11000111111110011
11000111111111000
11000111111111001
11000111111111100
11000111111111110
11000111111111111
11001100000000000
11001100000000001
11001100000000011
11001100000000110
11001100000000111
11001100000001100
11001100000001110
11001100000001111
11001100000011000
11001100000011001
11001100000011100
11001100000011110
11001100000011111
11001100000110000
11001100000110001
11001100000110011
11001100000111000
11001100000111001
11001100000111100
11001100000111110
11001100000111111
11001100001100000
11001100001100001
11001100001100011
11001100001100110
11001100001100111
11001100001110000
11001100001110001
11001100001110011
11001100001111000
11001100001111001
11001100001111100
11001100001111110
11001100001111111
11001100011000000
11001100011000001
11001100011000011
11001100011000110
11001100011000111
11001100011001100
11001100011001110
11001100011001111
11001100011100001
11001100011100110
11001100011100111
11001100011110000
11001100011110001
11001100011110011
11001100011111000
11001100011111001
11001100011111100
11001100011111110
11001100011111111
11001100110000000
11001100110000001
11001100110000011
11001100110000110
11001100110000111
11001100110001100
11001100110001110
11001100110001111
11001100110011000
11001100110011001
11001100110011100
11001100110011110
11001100110011111
11001100111000000
11001100111000001
11001100111000011
11001100111000110
11001100111000111
11001100111001100
11001100111001110
11001100111001111
11001100111100000
11001100111100001
11001100111100011
11001100111100110
11001100111100111
11001100111110000
11001100111110001
11001100111110011
11001100111111000
11001100111111001
11001100111111100
11001100111111110
11001100111111111
11001110000000000
11001110000000001
11001110000000011
11001110000000110
11001110000000111
11001110000001100
11001110000001110
11001110000001111
11001110000011000
11001110000011001
11001110000011100
11001110000011110
11001110000011111
11001110000110000
11001110000110001
11001110000110011
11001110000111000
11001110000111001
11001110000111100
11001110000111110
11001110000111111
11001110001100000
11001110001100001
11001110001100011
11001110001100110
11001110001100111
11001110001111000
11001110001111001
11001110001111110
11001110001111111
11001110011000000
11001110011000001
11001110011000011
11001110011000110
11001110011000111
11001110011001100
11001110011001110
11001110011001111
11001110011100000
11001110011100001
11001110011100011
11001110011100110
11001110011100111
11001110011110000
11001110011110001
11001110011110011
11001110011111000
11001110011111001
11001110011111100
11001110011111110
11001110011111111
11001111000000000
11001111000000001
11001111000000011
11001111000000110
11001111000000111
11001111000001100
11001111000001110
11001111000001111
11001111000011000
11001111000011001
11001111000011100
11001111000011110
11001111000011111
11001111000110000
11001111000110001
11001111000110011
11001111000111001
11001111000111100
11001111000111110
11001111000111111
11001111001100000
11001111001100001
11001111001100011
11001111001100110
11001111001100111
11001111001110000
11001111001110001
11001111001110011
11001111001111000
11001111001111001
11001111001111100
11001111001111110
11001111001111111
11001111100000000
11001111100000001
11001111100000011
11001111100000110
11001111100000111
11001111100001100
11001111100001110
11001111100001111
11001111100011000
11001111100011001
11001111100011100
11001111100011110
11001111100011111
11001111100110000
11001111100110001
11001111100110011
11001111100111000
11001111100111001
11001111100111100
11001111100111110
11001111100111111
11001111110000000
11001111110000001
11001111110000011
11001111110000110
11001111110000111
11001111110001100
11001111110001110
11001111110001111
11001111110011000
11001111110011001
11001111110011100
11001111110011110
11001111110011111
11001111111000000
11001111111000001
11001111111000011
11001111111000110
11001111111000111
11001111111001100
11001111111001110
11001111111001111
11001111111100000
11001111111100001
11001111111100011
11001111111100110
11001111111100111
11001111111110000
11001111111110001
11001111111110011
11001111111111000
11001111111111001
11001111111111100
11001111111111110
11001111111111111
11100000000000000
11100000000000001
11100000000000011
11100000000000110
11100000000000111
11100000000001100
11100000000001110
11100000000001111
11100000000011000
11100000000011001
11100000000011100
11100000000011110
11100000000011111
11100000000110000
11100000000110001
11100000000110011
11100000000111000
11100000000111001
11100000000111100
11100000000111110
11100000000111111
11100000001100000
11100000001100001
11100000001100011
11100000001100110
11100000001100111
11100000001110000
11100000001110001
11100000001110011
11100000001111000
11100000001111001
11100000001111100
11100000001111110
11100000001111111
11100000011000000
11100000011000001
11100000011000011
11100000011000110
11100000011000111
11100000011001100
11100000011001110
11100000011001111
11100000011100000
11100000011100001
11100000011100011
11100000011100110
11100000011100111
11100000011110000
11100000011110001
11100000011110011
11100000011111000
11100000011111001
11100000011111100
11100000011111110
11100000011111111
11100000110000000
11100000110000001
11100000110000011
11100000110000110
11100000110000111
11100000110001100
11100000110001110
11100000110001111
11100000110011000
11100000110011001
11100000110011100
11100000110011110
11100000110011111
11100000111000011
11100000111000110
11100000111001100
11100000111001110
11100000111001111
11100000111100000
11100000111100001
11100000111100011
11100000111100110
11100000111100111
11100000111110000
11100000111110001
11100000111110011
11100000111111000
11100000111111001
11100000111111100
11100000111111110
11100000111111111
11100001100000000
11100001100000001
11100001100000011
11100001100000110
11100001100000111
11100001100001100
11100001100001110
11100001100001111
11100001100011000
11100001100011001
11100001100011100
11100001100011110
11100001100011111
11100001100110000
11100001100110001
11100001100110011
11100001100111000
11100001100111001
11100001100111100
11100001100111110
11100001100111111
11100001110000000
11100001110000001
11100001110000011
11100001110000110
11100001110000111
11100001110001100
11100001110011000
11100001110011001
11100001110011100
11100001110011110
11100001110011111
11100001111000000
11100001111000001
11100001111000011
11100001111000110
11100001111000111
11100001111001100
11100001111001110
11100001111001111
11100001111100000
11100001111100001
11100001111100011
11100001111100110
11100001111100111
11100001111110000
11100001111110001
11100001111110011
11100001111111000
11100001111111001
11100001111111100
11100001111111110
11100001111111111
11100011000000000
11100011000000001
11100011000000011
11100011000000110
11100011000000111
11100011000001100
11100011000001110
11100011000001111
11100011000011000
11100011000011001
11100011000011100
11100011000011110
11100011000011111
11100011000110000
11100011000110001
11100011000110011
11100011000111000
11100011000111001
11100011000111100
11100011000111110
11100011000111111
11100011001100000
11100011001100001
11100011001100011
11100011001100110
11100011001100111
11100011001110000
11100011001110001
11100011001110011
11100011001111000
11100011001111001
11100011001111100
11100011001111110
11100011001111111
11100011100110000
11100011100110001
11100011100110011
11100011100111000
11100011100111001
11100011100111100
11100011100111110
11100011100111111
11100011110000000
11100011110000001
11100011110000011
11100011110000110
11100011110000111
11100011110001100
11100011110001110
11100011110001111
11100011110011000
11100011110011001
11100011110011100
11100011110011110
11100011110011111
11100011111000000
11100011111000001
11100011111000011
11100011111001100
11100011111001110
11100011111001111
11100011111100000
11100011111100001
11100011111100011
11100011111100110
11100011111100111
11100011111110000
11100011111110001
11100011111110011
11100011111111000
11100011111111001
11100011111111100
11100011111111110
11100011111111111
11100110000000000
11100110000000001
11100110000000011
11100110000000110
11100110000000111
11100110000001100
11100110000001110
11100110000001111
11100110000011000
11100110000011001
11100110000011100
11100110000011110
11100110000011111
11100110000110000
11100110000110001
11100110000110011
11100110000111000
11100110000111001
11100110000111100
11100110000111110
11100110000111111
11100110001100000
11100110001100001
11100110001100011
11100110001100110
11100110001100111
11100110001110000
11100110001110011
11100110001111000
11100110001111001
11100110001111100
11100110001111110
11100110001111111
11100110011000000
11100110011000001
11100110011000011
11100110011000110
11100110011000111
11100110011001100
11100110011001110
11100110011001111
11100110011100000
11100110011100001
11100110011100011
11100110011100110
11100110011100111
11100110011110000
11100110011110001
11100110011110011
11100110011111000
11100110011111001
11100110011111100
11100110011111110
11100110011111111
11100111000000000
11100111000000001
11100111000000011
11100111000000110
11100111000000111
11100111000001100
11100111000001110
11100111000001111
11100111000011000
11100111000011001
11100111000011100
11100111000011110
11100111000011111
11100111000110000
11100111000110001
11100111000110011
11100111000111100
11100111000111111
11100111001100000
11100111001100001
11100111001100011
11100111001100110
11100111001100111
11100111001110000
11100111001110001
11100111001110011
11100111001111000
11100111001111001
11100111001111100
11100111001111110
11100111001111111
11100111100000000
11100111100000001
11100111100000011
11100111100000110
11100111100000111
11100111100001100
11100111100001110
11100111100001111
11100111100011000
11100111100011001
11100111100011100
11100111100011110
11100111100011111
11100111100110000
11100111100110001
11100111100110011
11100111100111000
11100111100111001
11100111100111100
11100111100111110
11100111100111111
11100111110000000
11100111110000001
11100111110000011
11100111110000110
11100111110000111
11100111110001100
11100111110001110
11100111110001111
11100111110011000
11100111110011001
11100111110011100
11100111110011110
11100111110011111
11100111111000000
11100111111000001
11100111111000011
11100111111000110
11100111111000111
11100111111001100
11100111111001110
11100111111001111
11100111111100000
11100111111100001
11100111111100011
11100111111100110
11100111111100111
11100111111110000
11100111111110001
11100111111110011
11100111111111000
11100111111111001
11100111111111100
11100111111111110
11100111111111111
11110000000000000
11110000000000001
11110000000000011
11110000000000110
11110000000000111
11110000000001100
11110000000001110
11110000000001111
11110000000011000
11110000000011001
11110000000011100
11110000000011110
11110000000011111
11110000000110000
11110000000110001
11110000000110011
11110000000111000
11110000000111001
11110000000111100
11110000000111110
11110000000111111
11110000001100000
11110000001100001
11110000001100011
11110000001100110
11110000001100111
11110000001110000
11110000001110001
11110000001110011
11110000001111000
11110000001111001
11110000001111100
11110000001111110
11110000001111111
11110000011000000
11110000011000001
11110000011000011
11110000011000110
11110000011000111
11110000011001100
11110000011001110
11110000011001111
11110000011100001
11110000011100011
11110000011100110
11110000011100111
11110000011110000
11110000011110001
11110000011110011
11110000011111000
11110000011111001
11110000011111100
11110000011111110
11110000011111111
11110000110000000
11110000110000001
11110000110000011
11110000110000110
11110000110000111
11110000110001100
11110000110001110
11110000110001111
11110000110011000
11110000110011001
11110000110011100
11110000110011110
11110000110011111
11110000111000000
11110000111000001
11110000111000011
11110000111000110
11110000111001100
11110000111001110
11110000111001111
11110000111100000
11110000111100001
11110000111100011
11110000111100110
11110000111100111
11110000111110000
11110000111110001
11110000111110011
11110000111111000
11110000111111001
11110000111111100
11110000111111110
11110000111111111
11110001100000000
11110001100000001
11110001100000011
11110001100000110
11110001100000111
11110001100001100
11110001100001110
11110001100001111
11110001100011000
11110001100011001
11110001100011100
11110001100011110
11110001100011111
11110001100110000
11110001100110001
11110001100110011
11110001100111000
11110001100111001
11110001100111100
11110001100111110
11110001100111111
11110001110011000
11110001110011001
11110001110011100
11110001110011110
11110001110011111
11110001111000000
11110001111000001
11110001111000011
11110001111000110
11110001111000111
11110001111001100
11110001111001110
11110001111001111
11110001111100000
11110001111100001
11110001111100110
11110001111100111
11110001111110000
11110001111110001
11110001111110011
11110001111111000
11110001111111001
11110001111111100
11110001111111110
11110001111111111
11110011000000000
11110011000000001
11110011000000011
11110011000000110
11110011000000111
11110011000001100
11110011000001110
11110011000001111
11110011000011000
11110011000011001
11110011000011100
11110011000011110
11110011000011111
11110011000110000
11110011000110001
11110011000110011
11110011000111000
11110011000111001
11110011000111100
11110011000111110
11110011000111111
11110011001100000
11110011001100001
11110011001100011
11110011001100110
11110011001100111
11110011001110000
11110011001110001
11110011001110011
11110011001111000
11110011001111001
11110011001111100
11110011001111110
11110011001111111
11110011100000000
11110011100000001
11110011100000011
11110011100000110
11110011100000111
11110011100001100
11110011100001110
11110011100001111
11110011100011000
11110011100011001
11110011100011110
11110011100011111
11110011100110000
11110011100110001
11110011100110011
11110011100111000
11110011100111001
11110011100111100
11110011100111110
11110011100111111
11110011110000000
11110011110000001
11110011110000011
11110011110000110
11110011110000111
11110011110001100
11110011110001110
11110011110001111
11110011110011000
11110011110011001
11110011110011100
11110011110011110
11110011110011111
11110011111000000
11110011111000001
11110011111000011
11110011111000110
11110011111000111
11110011111001100
11110011111001110
11110011111001111
11110011111100000
11110011111100001
11110011111100011
11110011111100110
11110011111100111
11110011111110000
11110011111110001
11110011111110011
11110011111111000
11110011111111001
11110011111111100
11110011111111110
11110011111111111
11111000000000000
11111000000000001
11111000000000011
11111000000000110
11111000000000111
11111000000001100
11111000000001110
11111000000001111
11111000000011000
11111000000011001
11111000000011100
11111000000011110
11111000000011111
11111000000110000
11111000000110001
11111000000110011
11111000000111000
11111000000111001
11111000000111100
11111000000111110
11111000000111111
11111000001100000
11111000001100001
11111000001100011
11111000001100110
11111000001100111
11111000001110000
11111000001110001
11111000001110011
11111000001111000
11111000001111001
11111000001111100
11111000001111110
11111000001111111
11111000011000000
11111000011000001
11111000011000011
11111000011000110
11111000011000111
11111000011001100
11111000011001110
11111000011001111
11111000011100000
11111000011100001
11111000011100011
11111000011100110
11111000011100111
11111000011110000
11111000011110001
11111000011110011
11111000011111000
11111000011111001
11111000011111100
11111000011111110
11111000011111111
11111000110000000
11111000110000001
11111000110000011
11111000110000110
11111000110000111
11111000110001100
11111000110001110
11111000110001111
11111000110011000
11111000110011001
11111000110011100
11111000110011110
11111000110011111
11111000111001110
11111000111001111
11111000111100000
11111000111100001
11111000111100011
11111000111100110
11111000111100111
11111000111110011
11111000111111000
11111000111111001
11111000111111100
11111000111111110
11111000111111111
11111001100000000
11111001100000001
11111001100000011
11111001100000110
11111001100000111
11111001100001100
11111001100001110
11111001100001111
11111001100011000
11111001100011001
11111001100011100
11111001100011110
11111001100011111
11111001100110000
11111001100110001
11111001100110011
11111001100111000
11111001100111001
11111001100111100
11111001100111110
11111001100111111
11111001110000000
11111001110000001
11111001110000011
11111001110000110
11111001110000111
11111001110001100
11111001110001111
11111001110011000
11111001110011001
11111001110011100
11111001110011110
11111001110011111
11111001111000000
11111001111000001
11111001111000011
11111001111000110
11111001111000111
11111001111001100
11111001111001110
11111001111001111
11111001111100000
11111001111100001
11111001111100011
11111001111100110
11111001111100111
11111001111110000
11111001111110001
11111001111110011
11111001111111000
11111001111111001
11111001111111100
11111001111111110
11111001111111111
11111100000000000
11111100000000001
11111100000000011
11111100000000110
11111100000000111
11111100000001100
11111100000001110
11111100000001111
11111100000011000
11111100000011001
11111100000011100
11111100000011110
11111100000011111
11111100000110000
11111100000110001
11111100000110011
11111100000111000
11111100000111001
11111100000111100
11111100000111110
11111100000111111
11111100001100000
11111100001100001
11111100001100011
11111100001100110
11111100001100111
11111100001110000
11111100001110001
11111100001110011
11111100001111000
11111100001111001
11111100001111100
11111100001111110
11111100001111111
11111100011000000
11111100011000001
11111100011000011
11111100011000110
11111100011000111
11111100011001100
11111100011001110
11111100011001111
11111100011100111
11111100011110000
11111100011110001
11111100011110011
11111100011111001
11111100011111100
11111100011111110
11111100011111111
11111100110000000
11111100110000001
11111100110000011
11111100110000110
11111100110000111
11111100110001100
11111100110001110
11111100110001111
11111100110011000
11111100110011001
11111100110011100
11111100110011110
11111100110011111
11111100111000000
11111100111000001
11111100111000011
11111100111000110
11111100111000111
11111100111001100
11111100111001110
11111100111001111
11111100111100000
11111100111100001
11111100111100011
11111100111100110
11111100111100111
11111100111110000
11111100111110001
11111100111110011
11111100111111000
11111100111111001
11111100111111100
11111100111111110
11111100111111111
11111110000000000
11111110000000001
11111110000000011
11111110000000110
11111110000000111
11111110000001100
11111110000001110
11111110000001111
11111110000011000
11111110000011001
11111110000011100
11111110000011110
11111110000011111
11111110000110000
11111110000110001
11111110000110011
11111110000111000
11111110000111001
11111110000111100
11111110000111110
11111110000111111
11111110001100000
11111110001100001
11111110001100011
11111110001100110
11111110001100111
11111110001110011
11111110001111000
11111110001111001
11111110001111100
11111110001111110
11111110001111111
11111110011000000
11111110011000001
11111110011000011
11111110011000110
11111110011000111
11111110011001100
11111110011001110
11111110011001111
11111110011100000
11111110011100001
11111110011100011
11111110011100110
11111110011100111
11111110011110000
11111110011110001
11111110011110011
11111110011111000
11111110011111001
11111110011111100
11111110011111110
11111110011111111
11111111000000000
11111111000000001
11111111000000011
11111111000000110
11111111000000111
11111111000001100
11111111000001110
11111111000001111
11111111000011000
11111111000011001
11111111000011100
11111111000011110
11111111000011111
11111111000110000
11111111000110001
11111111000110011
11111111000111001
11111111000111100
11111111000111110
11111111000111111
11111111001100000
11111111001100001
11111111001100011
11111111001100110
11111111001100111
11111111001110000
11111111001110001
11111111001110011
11111111001111000
11111111001111001
11111111001111100
11111111001111110
11111111001111111
11111111100000000
11111111100000001
11111111100000011
11111111100000110
11111111100000111
11111111100001100
11111111100001110
11111111100001111
11111111100011000
11111111100011001
11111111100011100
11111111100011110
11111111100011111
11111111100110000
11111111100110001
11111111100110011
11111111100111000
11111111100111001
11111111100111100
11111111100111110
11111111100111111
11111111110000000
11111111110000001
11111111110000011
11111111110000110
11111111110000111
11111111110001100
11111111110001110
11111111110001111
11111111110011000
11111111110011001
11111111110011100
11111111110011110
11111111110011111
11111111111000000
11111111111000001
11111111111000011
11111111111000110
11111111111000111
11111111111001100
11111111111001110
11111111111001111
11111111111100000
11111111111100001
11111111111100011
11111111111100110
11111111111100111
11111111111110000
11111111111110001
11111111111110011
11111111111111000
11111111111111001
11111111111111100
11111111111111110
11111111111111111
