00000000000
00000000001
00000000011
00000000110
00000000111
00000001100
00000001110
00000001111
00000011000
00000011001
00000011100
00000011110
00000011111
00000110000
00000110001
00000110011
00000111000
00000111001
00000111100
00000111110
00000111111
00001100000
00001100001
00001100011
00001100110
00001100111
00001110000
00001110001
00001110011
00001111000
00001111001
00001111100
00001111110
00001111111
00011000000
00011000001
00011000011
00011000110
00011000111
00011001100
00011001110
00011001111
00011100000
00011100001
00011100011
00011100110
00011100111
00011110000
00011110001
00011110011
00011111000
00011111001
00011111100
00011111110
00011111111
00110000000
00110000001
00110000011
00110000110
00110000111
00110001100
00110001110
00110001111
00110011000
00110011001
00110011100
00110011110
00110011111
00111000000
00111000001
00111000011
00111000110
00111000111
00111001100
00111001110
00111001111
00111100000
00111100001
00111100011
00111100110
00111100111
00111110000
00111110001
00111110011
00111111000
00111111001
00111111100
00111111110
00111111111
01100000000
01100000001
01100000011
01100000110
01100000111
01100001100
01100001110
01100001111
01100011000
01100011001
01100011100
01100011110
01100011111
01100110000
01100110001
01100110011
01100111000
01100111001
01100111100
01100111110
01100111111
01110000000
01110000001
01110000011
01110000110
01110000111
01110001100
01110001110
01110001111
01110011000
01110011001
01110011100
01110011110
01110011111
01111000000
01111000001
01111000011
01111000110
01111000111
01111001100
01111001110
01111001111
01111100000
01111100001
01111100011
01111100110
01111100111
01111110000
01111110001
01111110011
01111111000
01111111001
01111111100
01111111110
01111111111
10000000000
10000000001
10000000011
10000000110
10000000111
10000001100
10000001110
10000001111
10000011000
10000011001
10000011100
10000011110
10000011111
10000110000
10000110001
10000110011
10000111000
10000111001
10000111100
10000111110
10000111111
10001100000
10001100001
10001100011
10001100110
10001100111
10001110000
10001110001
10001110011
10001111000
10001111001
10001111100
10001111110
10001111111
10011000000
10011000001
10011000011
10011000110
10011000111
10011001100
10011001110
10011001111
10011100000
10011100001
10011100011
10011100110
10011100111
10011110000
10011110001
10011110011
10011111000
10011111001
10011111100
10011111110
10011111111
11000000000
11000000001
11000000011
11000000110
11000000111
11000001100
11000001110
11000001111
11000011000
11000011001
11000011100
11000011110
11000011111
11000110000
11000110001
11000110011
11000111000
11000111001
11000111100
11000111110
11000111111
11001100000
11001100001
11001100011
11001100110
11001100111
11001110000
11001110001
11001110011
11001111000
11001111001
11001111100
11001111110
11001111111
11100000000
11100000001
11100000011
11100000110
11100000111
11100001100
11100001110
11100001111
11100011000
11100011001
11100011100
11100011110
11100011111
11100110000
11100110001
11100110011
11100111000
11100111001
11100111100
11100111110
11100111111
11110000000
11110000001
11110000011
11110000110
11110000111
11110001100
11110001110
11110001111
11110011000
11110011001
11110011100
11110011110
11110011111
11111000000
11111000001
11111000011
11111000110
11111000111
11111001100
11111001110
11111001111
11111100000
11111100001
11111100011
11111100110
11111100111
11111110000
11111110001
11111110011
11111111000
11111111001
11111111100
11111111110
11111111111
