000000000000
000000000001
000000000011
000000000110
000000000111
000000001100
000000001110
000000001111
000000011000
000000011001
000000011100
000000011110
000000011111
000000110000
000000110001
000000110011
000000111000
000000111001
000000111100
000000111110
000000111111
000001100000
000001100001
000001100011
000001100110
000001100111
000001110000
000001110001
000001110011
000001111000
000001111001
000001111100
000001111110
000001111111
000011000000
000011000001
000011000011
000011000110
000011000111
000011001100
000011001110
000011001111
000011100000
000011100001
000011100011
000011100110
000011100111
000011110000
000011110001
000011110011
000011111000
000011111001
000011111100
000011111110
000011111111
000110000000
000110000001
000110000011
000110000110
000110000111
000110001100
000110001110
000110001111
000110011000
000110011001
000110011100
000110011110
000110011111
000111000000
000111000001
000111000011
000111000110
000111001100
000111001110
000111001111
000111100000
000111100001
000111100011
000111100110
000111100111
000111110000
000111110001
000111110011
000111111000
000111111001
000111111100
000111111110
000111111111
001100000000
001100000001
001100000011
001100000110
001100000111
001100001100
001100001110
001100001111
001100011000
001100011001
001100011100
001100011110
001100011111
001100110000
001100110001
001100110011
001100111000
001100111001
001100111100
001100111110
001100111111
001110000000
001110000001
001110000011
001110000110
001110000111
001110001100
001110001111
001110011000
001110011001
001110011100
001110011110
001110011111
001111000000
001111000001
001111000011
001111000110
001111000111
001111001100
001111001110
001111001111
001111100000
001111100001
001111100011
001111100110
001111100111
001111110000
001111110001
001111110011
001111111000
001111111001
001111111100
001111111110
001111111111
011000000000
011000000001
011000000011
011000000110
011000000111
011000001100
011000001110
011000001111
011000011000
011000011001
011000011100
011000011110
011000011111
011000110000
011000110001
011000110011
011000111000
011000111001
011000111100
011000111110
011000111111
011001100000
011001100001
011001100011
011001100110
011001100111
011001110000
011001110001
011001110011
011001111000
011001111001
011001111100
011001111110
011001111111
011100000000
011100000001
011100000011
011100000110
011100000111
011100001100
011100001110
011100001111
011100011000
011100011001
011100011110
011100011111
011100110000
011100110001
011100110011
011100111000
011100111001
011100111100
011100111110
011100111111
011110000000
011110000001
011110000011
011110000110
011110000111
011110001100
011110001110
011110001111
011110011000
011110011001
011110011100
011110011110
011110011111
011111000000
011111000001
011111000011
011111000110
011111000111
011111001100
011111001110
011111001111
011111100000
011111100001
011111100011
011111100110
011111100111
011111110000
011111110001
011111110011
011111111000
011111111001
011111111100
011111111110
011111111111
100000000000
100000000001
100000000011
100000000110
100000000111
100000001100
100000001110
100000001111
100000011000
100000011001
100000011100
100000011110
100000011111
100000110000
100000110001
100000110011
100000111000
100000111001
100000111100
100000111110
100000111111
100001100000
100001100001
100001100011
100001100110
100001100111
100001110000
100001110001
100001110011
100001111000
100001111001
100001111100
100001111110
100001111111
100011000000
100011000001
100011000011
100011000110
100011000111
100011001100
100011001110
100011001111
100011100000
100011100001
100011100110
100011100111
100011110000
100011110001
100011110011
100011111000
100011111001
100011111100
100011111110
100011111111
100110000000
100110000001
100110000011
100110000110
100110000111
100110001100
100110001110
100110001111
100110011000
100110011001
100110011100
100110011110
100110011111
100111000000
100111000001
100111000011
100111000110
100111000111
100111001100
100111001110
100111001111
100111100000
100111100001
100111100011
100111100110
100111100111
100111110000
100111110001
100111110011
100111111000
100111111001
100111111100
100111111110
100111111111
110000000000
110000000001
110000000011
110000000110
110000000111
110000001100
110000001110
110000001111
110000011000
110000011001
110000011100
110000011110
110000011111
110000110000
110000110001
110000110011
110000111000
110000111001
110000111100
110000111110
110000111111
110001100000
110001100001
110001100011
110001100110
110001100111
110001110000
110001110011
110001111000
110001111001
110001111100
110001111110
110001111111
110011000000
110011000001
110011000011
110011000110
110011000111
110011001100
110011001110
110011001111
110011100000
110011100001
110011100011
110011100110
110011100111
110011110000
110011110001
110011110011
110011111000
110011111001
110011111100
110011111110
110011111111
111000000000
111000000001
111000000011
111000000110
111000000111
111000001100
111000001110
111000001111
111000011000
111000011001
111000011100
111000011110
111000011111
111000110000
111000110001
111000110011
111000111001
111000111100
111000111110
111000111111
111001100000
111001100001
111001100011
111001100110
111001100111
111001110000
111001110001
111001110011
111001111000
111001111001
111001111100
111001111110
111001111111
111100000000
111100000001
111100000011
111100000110
111100000111
111100001100
111100001110
111100001111
111100011000
111100011001
111100011100
111100011110
111100011111
111100110000
111100110001
111100110011
111100111000
111100111001
111100111100
111100111110
111100111111
111110000000
111110000001
111110000011
111110000110
111110000111
111110001100
111110001110
111110001111
111110011000
111110011001
111110011100
111110011110
111110011111
111111000000
111111000001
111111000011
111111000110
111111000111
111111001100
111111001110
111111001111
111111100000
111111100001
111111100011
111111100110
111111100111
111111110000
111111110001
111111110011
111111111000
111111111001
111111111100
111111111110
111111111111
