000000000
000000001
000000011
000000110
000000111
000001100
000001110
000001111
000011000
000011001
000011100
000011110
000011111
000110000
000110001
000110011
000111000
000111001
000111100
000111110
000111111
001100000
001100001
001100011
001100110
001100111
001110000
001110001
001110011
001111000
001111001
001111100
001111110
001111111
011000000
011000001
011000011
011000110
011000111
011001100
011001110
011001111
011100000
011100001
011100011
011100110
011100111
011110000
011110001
011110011
011111000
011111001
011111100
011111110
011111111
100000000
100000001
100000011
100000110
100000111
100001100
100001110
100001111
100011000
100011001
100011100
100011110
100011111
100110000
100110001
100110011
100111000
100111001
100111100
100111110
100111111
110000000
110000001
110000011
110000110
110000111
110001100
110001110
110001111
110011000
110011001
110011100
110011110
110011111
111000000
111000001
111000011
111000110
111000111
111001100
111001110
111001111
111100000
111100001
111100011
111100110
111100111
111110000
111110001
111110011
111111000
111111001
111111100
111111110
111111111
