00000000000000
00000000000001
00000000000011
00000000000110
00000000000111
00000000001100
00000000001110
00000000001111
00000000011000
00000000011001
00000000011100
00000000011110
00000000011111
00000000110000
00000000110001
00000000110011
00000000111000
00000000111001
00000000111100
00000000111110
00000000111111
00000001100000
00000001100001
00000001100011
00000001100110
00000001100111
00000001110000
00000001110001
00000001110011
00000001111000
00000001111001
00000001111100
00000001111110
00000001111111
00000011000000
00000011000001
00000011000011
00000011000110
00000011000111
00000011001100
00000011001110
00000011001111
00000011100000
00000011100001
00000011100011
00000011100110
00000011100111
00000011110000
00000011110001
00000011110011
00000011111000
00000011111001
00000011111100
00000011111110
00000011111111
00000110000000
00000110000001
00000110000011
00000110000110
00000110000111
00000110001100
00000110001110
00000110001111
00000110011000
00000110011001
00000110011100
00000110011110
00000110011111
00000111000000
00000111000001
00000111000011
00000111000110
00000111001100
00000111001110
00000111001111
00000111100000
00000111100001
00000111100011
00000111100110
00000111100111
00000111110000
00000111110001
00000111110011
00000111111000
00000111111001
00000111111100
00000111111110
00000111111111
00001100000000
00001100000001
00001100000011
00001100000110
00001100000111
00001100001100
00001100001110
00001100001111
00001100011000
00001100011001
00001100011100
00001100011110
00001100011111
00001100110000
00001100110001
00001100110011
00001100111000
00001100111001
00001100111100
00001100111110
00001100111111
00001110000000
00001110000001
00001110000011
00001110000110
00001110000111
00001110001100
00001110011000
00001110011001
00001110011100
00001110011110
00001110011111
00001111000000
00001111000001
00001111000011
00001111000110
00001111000111
00001111001100
00001111001110
00001111001111
00001111100000
00001111100001
00001111100011
00001111100110
00001111100111
00001111110000
00001111110001
00001111110011
00001111111000
00001111111001
00001111111100
00001111111110
00001111111111
00011000000000
00011000000001
00011000000011
00011000000110
00011000000111
00011000001100
00011000001110
00011000001111
00011000011000
00011000011001
00011000011100
00011000011110
00011000011111
00011000110000
00011000110001
00011000110011
00011000111000
00011000111001
00011000111100
00011000111110
00011000111111
00011001100000
00011001100001
00011001100011
00011001100110
00011001100111
00011001110000
00011001110001
00011001110011
00011001111000
00011001111001
00011001111100
00011001111110
00011001111111
00011100000000
00011100000001
00011100000011
00011100000110
00011100000111
00011100001100
00011100001110
00011100001111
00011100011000
00011100011001
00011100110000
00011100110001
00011100110011
00011100111000
00011100111001
00011100111100
00011100111110
00011100111111
00011110000000
00011110000001
00011110000011
00011110000110
00011110000111
00011110001100
00011110001110
00011110001111
00011110011000
00011110011001
00011110011100
00011110011110
00011110011111
00011111000000
00011111000001
00011111000011
00011111000110
00011111000111
00011111001100
00011111001110
00011111001111
00011111100000
00011111100001
00011111100011
00011111100110
00011111100111
00011111110000
00011111110001
00011111110011
00011111111000
00011111111001
00011111111100
00011111111110
00011111111111
00110000000000
00110000000001
00110000000011
00110000000110
00110000000111
00110000001100
00110000001110
00110000001111
00110000011000
00110000011001
00110000011100
00110000011110
00110000011111
00110000110000
00110000110001
00110000110011
00110000111000
00110000111001
00110000111100
00110000111110
00110000111111
00110001100000
00110001100001
00110001100011
00110001100110
00110001100111
00110001110000
00110001110011
00110001111000
00110001111001
00110001111100
00110001111110
00110001111111
00110011000000
00110011000001
00110011000011
00110011000110
00110011000111
00110011001100
00110011001110
00110011001111
00110011100000
00110011100001
00110011100011
00110011100110
00110011100111
00110011110000
00110011110001
00110011110011
00110011111000
00110011111001
00110011111100
00110011111110
00110011111111
00111000000000
00111000000001
00111000000011
00111000000110
00111000000111
00111000001100
00111000001110
00111000001111
00111000011000
00111000011001
00111000011100
00111000011110
00111000011111
00111000110000
00111000110001
00111000110011
00111000111100
00111000111110
00111000111111
00111001100000
00111001100001
00111001100011
00111001100110
00111001100111
00111001110000
00111001110001
00111001110011
00111001111000
00111001111001
00111001111100
00111001111110
00111001111111
00111100000000
00111100000001
00111100000011
00111100000110
00111100000111
00111100001100
00111100001110
00111100001111
00111100011000
00111100011001
00111100011100
00111100011110
00111100011111
00111100110000
00111100110001
00111100110011
00111100111000
00111100111001
00111100111100
00111100111110
00111100111111
00111110000000
00111110000001
00111110000011
00111110000110
00111110000111
00111110001100
00111110001110
00111110001111
00111110011000
00111110011001
00111110011100
00111110011110
00111110011111
00111111000000
00111111000001
00111111000011
00111111000110
00111111000111
00111111001100
00111111001110
00111111001111
00111111100000
00111111100001
00111111100011
00111111100110
00111111100111
00111111110000
00111111110001
00111111110011
00111111111000
00111111111001
00111111111100
00111111111110
00111111111111
01100000000000
01100000000001
01100000000011
01100000000110
01100000000111
01100000001100
01100000001110
01100000001111
01100000011000
01100000011001
01100000011100
01100000011110
01100000011111
01100000110000
01100000110001
01100000110011
01100000111000
01100000111001
01100000111100
01100000111110
01100000111111
01100001100000
01100001100001
01100001100011
01100001100110
01100001100111
01100001110000
01100001110001
01100001110011
01100001111000
01100001111001
01100001111100
01100001111110
01100001111111
01100011000000
01100011000001
01100011000011
01100011000110
01100011000111
01100011001100
01100011001110
01100011001111
01100011100000
01100011100001
01100011100110
01100011100111
01100011110000
01100011110001
01100011110011
01100011111000
01100011111001
01100011111100
01100011111110
01100011111111
01100110000000
01100110000001
01100110000011
01100110000110
01100110000111
01100110001100
01100110001110
01100110001111
01100110011000
01100110011001
01100110011100
01100110011110
01100110011111
01100111000000
01100111000001
01100111000011
01100111000110
01100111000111
01100111001100
01100111001110
01100111001111
01100111100000
01100111100001
01100111100011
01100111100110
01100111100111
01100111110000
01100111110001
01100111110011
01100111111000
01100111111001
01100111111100
01100111111110
01100111111111
01110000000000
01110000000001
01110000000011
01110000000110
01110000000111
01110000001100
01110000001110
01110000001111
01110000011000
01110000011001
01110000011100
01110000011110
01110000011111
01110000110000
01110000110001
01110000110011
01110000111000
01110000111001
01110000111100
01110000111110
01110000111111
01110001100000
01110001100001
01110001100011
01110001100110
01110001100111
01110001111000
01110001111001
01110001111100
01110001111110
01110001111111
01110011000000
01110011000001
01110011000011
01110011000110
01110011000111
01110011001100
01110011001110
01110011001111
01110011100000
01110011100001
01110011100011
01110011100110
01110011100111
01110011110000
01110011110001
01110011110011
01110011111000
01110011111001
01110011111100
01110011111110
01110011111111
01111000000000
01111000000001
01111000000011
01111000000110
01111000000111
01111000001100
01111000001110
01111000001111
01111000011000
01111000011001
01111000011100
01111000011110
01111000011111
01111000110000
01111000110001
01111000110011
01111000111001
01111000111100
01111000111110
01111000111111
01111001100000
01111001100001
01111001100011
01111001100110
01111001100111
01111001110000
01111001110001
01111001110011
01111001111000
01111001111001
01111001111100
01111001111110
01111001111111
01111100000000
01111100000001
01111100000011
01111100000110
01111100000111
01111100001100
01111100001110
01111100001111
01111100011000
01111100011001
01111100011100
01111100011110
01111100011111
01111100110000
01111100110001
01111100110011
01111100111000
01111100111001
01111100111100
01111100111110
01111100111111
01111110000000
01111110000001
01111110000011
01111110000110
01111110000111
01111110001100
01111110001110
01111110001111
01111110011000
01111110011001
01111110011100
01111110011110
01111110011111
01111111000000
01111111000001
01111111000011
01111111000110
01111111000111
01111111001100
01111111001110
01111111001111
01111111100000
01111111100001
01111111100011
01111111100110
01111111100111
01111111110000
01111111110001
01111111110011
01111111111000
01111111111001
01111111111100
01111111111110
01111111111111
10000000000000
10000000000001
10000000000011
10000000000110
10000000000111
10000000001100
10000000001110
10000000001111
10000000011000
10000000011001
10000000011100
10000000011110
10000000011111
10000000110000
10000000110001
10000000110011
10000000111000
10000000111001
10000000111100
10000000111110
10000000111111
10000001100000
10000001100001
10000001100011
10000001100110
10000001100111
10000001110000
10000001110001
10000001110011
10000001111000
10000001111001
10000001111100
10000001111110
10000001111111
10000011000000
10000011000001
10000011000011
10000011000110
10000011000111
10000011001100
10000011001110
10000011001111
10000011100000
10000011100001
10000011100011
10000011100110
10000011100111
10000011110000
10000011110001
10000011110011
10000011111000
10000011111001
10000011111100
10000011111110
10000011111111
10000110000000
10000110000001
10000110000011
10000110000110
10000110000111
10000110001100
10000110001110
10000110001111
10000110011000
10000110011001
10000110011100
10000110011110
10000110011111
10000111000000
10000111000001
10000111000011
10000111000110
10000111001100
10000111001110
10000111001111
10000111100000
10000111100001
10000111100011
10000111100110
10000111100111
10000111110000
10000111110001
10000111110011
10000111111000
10000111111001
10000111111100
10000111111110
10000111111111
10001100000000
10001100000001
10001100000011
10001100000110
10001100000111
10001100001100
10001100001110
10001100001111
10001100011000
10001100011001
10001100011100
10001100011110
10001100011111
10001100110000
10001100110001
10001100110011
10001100111000
10001100111001
10001100111100
10001100111110
10001100111111
10001110000000
10001110000001
10001110000011
10001110000110
10001110000111
10001110011000
10001110011001
10001110011100
10001110011110
10001110011111
10001111000000
10001111000001
10001111000011
10001111000110
10001111000111
10001111001100
10001111001110
10001111001111
10001111100000
10001111100001
10001111100011
10001111100110
10001111100111
10001111110000
10001111110001
10001111110011
10001111111000
10001111111001
10001111111100
10001111111110
10001111111111
10011000000000
10011000000001
10011000000011
10011000000110
10011000000111
10011000001100
10011000001110
10011000001111
10011000011000
10011000011001
10011000011100
10011000011110
10011000011111
10011000110000
10011000110001
10011000110011
10011000111000
10011000111001
10011000111100
10011000111110
10011000111111
10011001100000
10011001100001
10011001100011
10011001100110
10011001100111
10011001110000
10011001110001
10011001110011
10011001111000
10011001111001
10011001111100
10011001111110
10011001111111
10011100000000
10011100000001
10011100000011
10011100000110
10011100000111
10011100001100
10011100001110
10011100001111
10011100011000
10011100011001
10011100011110
10011100011111
10011100110000
10011100110001
10011100110011
10011100111000
10011100111001
10011100111100
10011100111110
10011100111111
10011110000000
10011110000001
10011110000011
10011110000110
10011110000111
10011110001100
10011110001110
10011110001111
10011110011000
10011110011001
10011110011100
10011110011110
10011110011111
10011111000000
10011111000001
10011111000011
10011111000110
10011111000111
10011111001100
10011111001110
10011111001111
10011111100000
10011111100001
10011111100011
10011111100110
10011111100111
10011111110000
10011111110001
10011111110011
10011111111000
10011111111001
10011111111100
10011111111110
10011111111111
11000000000000
11000000000001
11000000000011
11000000000110
11000000000111
11000000001100
11000000001110
11000000001111
11000000011000
11000000011001
11000000011100
11000000011110
11000000011111
11000000110000
11000000110001
11000000110011
11000000111000
11000000111001
11000000111100
11000000111110
11000000111111
11000001100000
11000001100001
11000001100011
11000001100110
11000001100111
11000001110000
11000001110001
11000001110011
11000001111000
11000001111001
11000001111100
11000001111110
11000001111111
11000011000000
11000011000001
11000011000011
11000011000110
11000011000111
11000011001100
11000011001110
11000011001111
11000011100000
11000011100001
11000011100011
11000011100110
11000011100111
11000011110000
11000011110001
11000011110011
11000011111000
11000011111001
11000011111100
11000011111110
11000011111111
11000110000000
11000110000001
11000110000011
11000110000110
11000110000111
11000110001100
11000110001110
11000110001111
11000110011000
11000110011001
11000110011100
11000110011110
11000110011111
11000111000000
11000111000001
11000111000011
11000111001100
11000111001110
11000111001111
11000111100000
11000111100001
11000111100011
11000111100110
11000111100111
11000111110000
11000111110001
11000111110011
11000111111000
11000111111001
11000111111100
11000111111110
11000111111111
11001100000000
11001100000001
11001100000011
11001100000110
11001100000111
11001100001100
11001100001110
11001100001111
11001100011000
11001100011001
11001100011100
11001100011110
11001100011111
11001100110000
11001100110001
11001100110011
11001100111000
11001100111001
11001100111100
11001100111110
11001100111111
11001110000000
11001110000001
11001110000011
11001110000110
11001110000111
11001110001100
11001110001111
11001110011000
11001110011001
11001110011100
11001110011110
11001110011111
11001111000000
11001111000001
11001111000011
11001111000110
11001111000111
11001111001100
11001111001110
11001111001111
11001111100000
11001111100001
11001111100011
11001111100110
11001111100111
11001111110000
11001111110001
11001111110011
11001111111000
11001111111001
11001111111100
11001111111110
11001111111111
11100000000000
11100000000001
11100000000011
11100000000110
11100000000111
11100000001100
11100000001110
11100000001111
11100000011000
11100000011001
11100000011100
11100000011110
11100000011111
11100000110000
11100000110001
11100000110011
11100000111000
11100000111001
11100000111100
11100000111110
11100000111111
11100001100000
11100001100001
11100001100011
11100001100110
11100001100111
11100001110000
11100001110001
11100001110011
11100001111000
11100001111001
11100001111100
11100001111110
11100001111111
11100011000000
11100011000001
11100011000011
11100011000110
11100011000111
11100011001100
11100011001110
11100011001111
11100011100110
11100011100111
11100011110000
11100011110001
11100011110011
11100011111000
11100011111001
11100011111100
11100011111110
11100011111111
11100110000000
11100110000001
11100110000011
11100110000110
11100110000111
11100110001100
11100110001110
11100110001111
11100110011000
11100110011001
11100110011100
11100110011110
11100110011111
11100111000000
11100111000001
11100111000011
11100111000110
11100111000111
11100111001100
11100111001110
11100111001111
11100111100000
11100111100001
11100111100011
11100111100110
11100111100111
11100111110000
11100111110001
11100111110011
11100111111000
11100111111001
11100111111100
11100111111110
11100111111111
11110000000000
11110000000001
11110000000011
11110000000110
11110000000111
11110000001100
11110000001110
11110000001111
11110000011000
11110000011001
11110000011100
11110000011110
11110000011111
11110000110000
11110000110001
11110000110011
11110000111000
11110000111001
11110000111100
11110000111110
11110000111111
11110001100000
11110001100001
11110001100011
11110001100110
11110001100111
11110001110011
11110001111000
11110001111001
11110001111100
11110001111110
11110001111111
11110011000000
11110011000001
11110011000011
11110011000110
11110011000111
11110011001100
11110011001110
11110011001111
11110011100000
11110011100001
11110011100011
11110011100110
11110011100111
11110011110000
11110011110001
11110011110011
11110011111000
11110011111001
11110011111100
11110011111110
11110011111111
11111000000000
11111000000001
11111000000011
11111000000110
11111000000111
11111000001100
11111000001110
11111000001111
11111000011000
11111000011001
11111000011100
11111000011110
11111000011111
11111000110000
11111000110001
11111000110011
11111000111001
11111000111100
11111000111110
11111000111111
11111001100000
11111001100001
11111001100011
11111001100110
11111001100111
11111001110000
11111001110001
11111001110011
11111001111000
11111001111001
11111001111100
11111001111110
11111001111111
11111100000000
11111100000001
11111100000011
11111100000110
11111100000111
11111100001100
11111100001110
11111100001111
11111100011000
11111100011001
11111100011100
11111100011110
11111100011111
11111100110000
11111100110001
11111100110011
11111100111000
11111100111001
11111100111100
11111100111110
11111100111111
11111110000000
11111110000001
11111110000011
11111110000110
11111110000111
11111110001100
11111110001110
11111110001111
11111110011000
11111110011001
11111110011100
11111110011110
11111110011111
11111111000000
11111111000001
11111111000011
11111111000110
11111111000111
11111111001100
11111111001110
11111111001111
11111111100000
11111111100001
11111111100011
11111111100110
11111111100111
11111111110000
11111111110001
11111111110011
11111111111000
11111111111001
11111111111100
11111111111110
11111111111111
