0000000000
0000000001
0000000011
0000000110
0000000111
0000001100
0000001110
0000001111
0000011000
0000011001
0000011100
0000011110
0000011111
0000110000
0000110001
0000110011
0000111000
0000111001
0000111100
0000111110
0000111111
0001100000
0001100001
0001100011
0001100110
0001100111
0001110000
0001110001
0001110011
0001111000
0001111001
0001111100
0001111110
0001111111
0011000000
0011000001
0011000011
0011000110
0011000111
0011001100
0011001110
0011001111
0011100000
0011100001
0011100011
0011100110
0011100111
0011110000
0011110001
0011110011
0011111000
0011111001
0011111100
0011111110
0011111111
0110000000
0110000001
0110000011
0110000110
0110000111
0110001100
0110001110
0110001111
0110011000
0110011001
0110011100
0110011110
0110011111
0111000000
0111000001
0111000011
0111000110
0111000111
0111001100
0111001110
0111001111
0111100000
0111100001
0111100011
0111100110
0111100111
0111110000
0111110001
0111110011
0111111000
0111111001
0111111100
0111111110
0111111111
1000000000
1000000001
1000000011
1000000110
1000000111
1000001100
1000001110
1000001111
1000011000
1000011001
1000011100
1000011110
1000011111
1000110000
1000110001
1000110011
1000111000
1000111001
1000111100
1000111110
1000111111
1001100000
1001100001
1001100011
1001100110
1001100111
1001110000
1001110001
1001110011
1001111000
1001111001
1001111100
1001111110
1001111111
1100000000
1100000001
1100000011
1100000110
1100000111
1100001100
1100001110
1100001111
1100011000
1100011001
1100011100
1100011110
1100011111
1100110000
1100110001
1100110011
1100111000
1100111001
1100111100
1100111110
1100111111
1110000000
1110000001
1110000011
1110000110
1110000111
1110001100
1110001110
1110001111
1110011000
1110011001
1110011100
1110011110
1110011111
1111000000
1111000001
1111000011
1111000110
1111000111
1111001100
1111001110
1111001111
1111100000
1111100001
1111100011
1111100110
1111100111
1111110000
1111110001
1111110011
1111111000
1111111001
1111111100
1111111110
1111111111
